0	0
1	1
2	0
3	1
4	2
5	1
6	177
7	473
8	200
9	2
10	1
11	0
12	0
13	0
14	0
15	0
16	0
17	0
18	0
19	7
20	2
21	0
22	2
23	0
24	0
25	2
26	0
27	0
28	1
29	1
30	0
31	2
32	3
33	2
34	3
35	2
36	1
37	0
38	1
39	6
40	6
41	0
42	2
43	0
44	3
45	14
46	0
47	1
48	1
49	0
50	0
51	13
52	8
53	13
54	14
55	8
56	13
57	3
58	1
59	1
60	1
61	0
62	0
63	0
64	0
65	7
66	3
67	2
68	14
69	1
70	0
71	14
72	9
73	2
74	4
75	2
76	9
77	21
78	3
79	2
80	15
81	18
82	8
83	6
84	2
85	0
86	2
87	3
88	3
89	2
90	14
91	15
92	13
93	12
94	1
95	1
96	0
97	4
98	1
99	0
100	0
101	0
102	8
103	3
104	2
105	1
106	8
107	4
108	2
109	0
110	0
111	0
112	0
113	2
114	27
115	1
116	1
117	15
118	4
119	0
120	0
121	0
122	0
123	15
124	1
125	1
126	8
127	11
128	9
129	10
130	1
131	1
132	2
133	1
134	5
135	7
136	9
137	4
138	0
139	0
140	1
141	2
142	0
143	0
144	0
145	0
146	2
147	1
148	3
149	3
150	2
151	10
152	13
153	1
154	0
155	0
156	1
157	1
158	1
159	8
160	21
161	2
162	1
163	1
164	0
165	2
166	1
167	0
168	1
169	3
170	4
171	3
172	3
173	7
174	7
175	14
176	12
177	9
178	12
179	24
180	30
181	16
182	6
183	2
184	0
185	0
186	0
187	2
188	1
189	1
190	2
191	1
192	1
193	3
194	10
195	6
196	2
197	9
198	2
199	0
200	0
201	0
202	1
203	4
204	5
205	31
206	33
207	3
208	2
209	0
210	0
211	2
212	0
213	1
214	6
215	7
216	28
217	24
218	0
219	1
220	0
221	0
222	0
223	3
224	5
225	8
226	318
227	184
228	3
229	1
230	0
231	0
232	0
233	0
234	1
235	1
236	3
237	2
238	0
239	2
240	1
241	0
242	0
243	1
244	1
245	0
246	0
247	1
248	0
249	3
250	1
251	1
252	3
253	1
254	1
255	0
256	3
257	4
258	1
259	0
260	0
261	0
262	10
263	6
264	1
265	0
266	0
267	6
268	4
269	2
270	2
271	9
272	170
273	77
274	6
275	7
276	1
277	0
278	0
279	0
280	1
281	3
282	10
283	6
284	0
285	0
286	0
287	0
288	1
289	8
290	2
291	23
292	20
293	2
294	0
295	19
296	18
297	1
298	1
299	2
300	1
301	0
302	3
303	6
304	3
305	0
306	0
307	2
308	12
309	4
310	9
311	9
312	2
313	9
314	7
315	0
316	3
317	24
318	83
319	26
320	22
321	14
322	3
323	0
324	0
325	0
326	0
327	2
328	7
329	0
330	0
331	1
332	1
333	1
334	2
335	8
336	0
337	1
338	1
339	0
340	1
341	6
342	5
343	4
344	3
345	2
346	0
347	0
348	1
349	0
350	0
351	0
352	0
353	1
354	6
355	4
356	16
357	19
358	3
359	2
360	2
361	10
362	37
363	73
364	128
365	84
366	252
367	124
368	0
369	0
370	1
371	0
372	1
373	3
374	1
375	9
376	12
377	0
378	0
379	0
380	4
381	3
382	0
383	1
384	0
385	0
386	1
387	1
388	8
389	10
390	2
391	3
392	0
393	2
394	3
395	0
396	0
397	0
398	0
399	1
400	5
401	0
402	0
403	1
404	2
405	14
406	16
407	41
408	78
409	7
410	13
411	128
412	391
413	564
414	0
415	1
416	5
417	5
418	1
419	21
420	3
421	0
422	2
423	0
424	0
425	4
426	4
427	1
428	0
429	3
430	0
431	0
432	0
433	6
434	7
435	28
436	17
437	2
438	1
439	7
440	0
441	0
442	2
443	11
444	1
445	11
446	15
447	0
448	0
449	0
450	0
451	0
452	0
453	3
454	2
455	2
456	2
457	5
458	87
459	630
460	0
461	1
462	0
463	2
464	1
465	17
466	0
467	0
468	0
469	0
470	1
471	1
472	1
473	4
474	3
475	3
476	2
477	2
478	2
479	6
480	15
481	18
482	7
483	2
484	12
485	9
486	1
487	1
488	0
489	10
490	2
491	1
492	3
493	0
494	0
495	4
496	3
497	0
498	0
499	8
500	2
501	10
502	8
503	4
504	38
505	23
506	6
507	0
508	4
509	4
510	0
511	2
512	2
513	1
514	2
515	9
516	9
517	28
518	340
519	339
520	35
521	31
522	4
523	1
524	9
525	7
526	10
527	8
528	9
529	3
530	9
531	9
532	5
533	0
534	0
535	2
536	3
537	1
538	2
539	0
540	0
541	2
542	0
543	0
544	4
545	21
546	10
547	2
548	1
549	2
550	1
551	1
552	1
553	0
554	6
555	2
556	2
557	2
558	2
559	3
560	1
561	1
562	1
563	41
564	130
565	138
566	42
567	40
568	9
569	11
570	32
571	41
572	656
573	565
574	21
575	35
576	14
577	2
578	1
579	0
580	1
581	3
582	11
583	6
584	4
585	6
586	4
587	2
588	1
589	2
590	11
591	32
592	16
593	2
594	3
595	3
596	6
597	5
598	2
599	0
600	1
601	1
602	0
603	0
604	0
605	3
606	5
607	2
608	0
609	1
610	6
611	23
612	17
613	17
614	9
615	6
616	19
617	20
618	1231
619	1472
620	56
621	90
622	29
623	1
624	2
625	2
626	5
627	1
628	3
629	3
630	0
631	1
632	4
633	4
634	9
635	4
636	23
637	231
638	219
639	9
640	5
641	3
642	6
643	4
644	6
645	6
646	0
647	0
648	1
649	5
650	1
651	1
652	3
653	2
654	2
655	2
656	11
657	22
658	7
659	9
660	12
661	9
662	21
663	24
664	179
665	287
666	271
667	327
668	420
669	94
670	3
671	22
672	13
673	1
674	4
675	7
676	0
677	1
678	7
679	14
680	15
681	17
682	27
683	596
684	537
685	29
686	12
687	10
688	7
689	1
690	4
691	12
692	14
693	6
694	7
695	11
696	0
697	1
698	1
699	0
700	4
701	14
702	22
703	15
704	1
705	8
706	6
707	13
708	406
709	518
710	843
711	584
712	367
713	411
714	1328
715	794
716	34
717	19
718	3
719	2
720	6
721	21
722	11
723	1
724	6
725	4
726	2
727	11
728	28
729	665
730	331
731	85
732	12
733	32
734	32
735	25
736	0
737	3
738	4
739	6
740	14
741	15
742	5
743	21
744	41
745	25
746	50
747	56
748	144
749	212
750	282
751	79
752	132
753	57
754	497
755	884
756	269
757	256
758	462
759	956
760	1429
761	607
762	40
763	4
764	28
765	24
766	27
767	19
768	1
769	1
770	1
771	3
772	2
773	2
774	118
775	1504
776	1053
777	315
778	17
779	43
780	17
781	0
782	0
783	1
784	4
785	3
786	3
787	3
788	4
789	8
790	12
791	16
792	3
793	5
794	28
795	82
796	453
797	1340
798	531
799	80
800	107
801	547
802	1508
803	1728
804	1696
805	4701
806	2292
807	471
808	120
809	64
810	62
811	2
812	10
813	17
814	41
815	12
816	5
817	4
818	2
819	5
820	5
821	72
822	161
823	50
824	28
825	3
826	0
827	2
828	0
829	0
830	4
831	6
832	1
833	4
834	7
835	10
836	6
837	9
838	4
839	51
840	42
841	38
842	66
843	1779
844	1241
845	145
846	563
847	1024
848	4401
849	8232
850	8863
851	7930
852	3987
853	361
854	105
855	45
856	35
857	10
858	23
859	19
860	44
861	14
862	12
863	6
864	4
865	1
866	4
867	14
868	6
869	7
870	15
871	4
872	3
873	5
874	0
875	0
876	2
877	11
878	47
879	14
880	9
881	8
882	7
883	9
884	38
885	126
886	39
887	57
888	88
889	163
890	715
891	2464
892	3843
893	5448
894	9329
895	9985
896	6480
897	969
898	307
899	31
900	44
901	43
902	9
903	5
904	26
905	41
906	56
907	39
908	35
909	22
910	6
911	6
912	6
913	6
914	20
915	6
916	20
917	19
918	3
919	3
920	1
921	0
922	3
923	18
924	68
925	37
926	2
927	3
928	6
929	8
930	213
931	541
932	143
933	23
934	88
935	177
936	1172
937	4726
938	8138
939	18398
940	13921
941	6746
942	3016
943	355
944	261
945	139
946	61
947	10
948	8
949	7
950	1
951	4
952	14
953	2
954	1
955	1
956	1
957	2
958	2
959	1
960	4
961	3
962	4
963	16
964	18
965	2
966	10
967	1
968	4
969	8
970	2
971	0
972	2
973	3
974	1
975	8
976	35
977	204
978	38
979	109
980	815
981	1130
982	1761
983	3109
984	6754
985	16870
986	11480
987	4644
988	4338
989	1903
990	603
991	143
992	125
993	33
994	11
995	5
996	6
997	16
998	23
999	5
1000	6
1001	4
1002	1
1003	0
1004	0
1005	3
1006	5
1007	2
1008	24
1009	25
1010	12
1011	6
1012	11
1013	4
1014	4
1015	27
1016	142
1017	53
1018	8
1019	3
1020	1
1021	5
1022	9
1023	61
1024	69
1025	77
1026	1857
1027	2098
1028	487
1029	1132
1030	4028
1031	5256
1032	3989
1033	1529
1034	2590
1035	4636
1036	1562
1037	77
1038	12
1039	4
1040	17
1041	122
1042	10
1043	0
1044	0
1045	0
1046	0
1047	0
1048	2
1049	1
1050	108
1051	274
1052	26
1053	2
1054	7
1055	17
1056	0
1057	2
1058	0
1059	1
1060	0
1061	18
1062	213
1063	113
1064	12
1065	28
1066	8
1067	8
1068	11
1069	21
1070	6
1071	11
1072	58
1073	197
1074	115
1075	238
1076	552
1077	318
1078	936
1079	866
1080	157
1081	581
1082	260
1083	67
1084	14
1085	11
1086	378
1087	664
1088	12
1089	1
1090	0
1091	0
1092	0
1093	2
1094	2
1095	1
1096	15
1097	47
1098	6
1099	2
1100	5
1101	8
1102	3
1103	9
1104	0
1105	1
1106	0
1107	0
1108	3
1109	6
1110	4
1111	23
1112	48
1113	19
1114	18
1115	13
1116	18
1117	16
1118	10
1119	45
1120	18
1121	16
1122	151
1123	258
1124	238
1125	154
1126	190
1127	168
1128	141
1129	15
1130	12
1131	130
1132	84
1133	101
1134	28
1135	1
1136	1
1137	1
1138	1
1139	0
1140	0
1141	2
1142	4
1143	1
1144	1
1145	5
1146	0
1147	2
1148	4
1149	13
1150	0
1151	0
1152	0
1153	0
1154	1
1155	1
1156	0
1157	2
1158	11
1159	11
1160	6
1161	5
1162	7
1163	9
1164	22
1165	12
1166	9
1167	103
1168	361
1169	218
1170	31
1171	149
1172	156
1173	71
1174	70
1175	25
1176	21
1177	291
1178	311
1179	37
1180	17
1181	8
1182	7
1183	4
1184	3
1185	2
1186	0
1187	0
1188	5
1189	8
1190	15
1191	5
1192	1
1193	0
1194	1
1195	1
1196	1
1197	0
1198	1
1199	8
1200	5
1201	0
1202	0
1203	7
1204	9
1205	7
1206	6
1207	3
1208	7
1209	5
1210	7
1211	3
1212	14
1213	127
1214	102
1215	15
1216	11
1217	29
1218	15
1219	7
1220	8
1221	1
1222	0
1223	2
1224	1
1225	5
1226	12
1227	2
1228	4
1229	8
1230	8
1231	6
1232	3
1233	8
1234	2
1235	23
1236	23
1237	1
1238	1
1239	0
1240	1
1241	0
1242	3
1243	1
1244	2
1245	4
1246	0
1247	1
1248	1
1249	3
1250	4
1251	6
1252	19
1253	17
1254	5
1255	1
1256	1
1257	0
1258	11
1259	151
1260	17
1261	32
1262	58
1263	12
1264	6
1265	10
1266	18
1267	4
1268	3
1269	2
1270	0
1271	5
1272	14
1273	6
1274	4
1275	37
1276	37
1277	10
1278	6
1279	19
1280	12
1281	4
1282	6
1283	2
1284	0
1285	1
1286	1
1287	1
1288	2
1289	1
1290	0
1291	0
1292	0
1293	1
1294	1
1295	1
1296	0
1297	3
1298	12
1299	14
1300	5
1301	2
1302	0
1303	0
1304	2
1305	18
1306	14
1307	65
1308	69
1309	7
1310	0
1311	5
1312	6
1313	1
1314	1
1315	1
1316	0
1317	3
1318	16
1319	0
1320	2
1321	10
1322	6
1323	8
1324	72
1325	94
1326	13
1327	16
1328	5
1329	2
1330	0
1331	1
1332	0
1333	1
1334	6
1335	19
1336	4
1337	5
1338	8
1339	5
1340	1
1341	0
1342	1
1343	15
1344	6
1345	0
1346	1
1347	0
1348	9
1349	6
1350	1
1351	4
1352	7
1353	6
1354	8
1355	7
1356	26
1357	11
1358	8
1359	4
1360	4
1361	4
1362	4
1363	2
1364	22
1365	2
1366	4
1367	8
1368	9
1369	12
1370	687
1371	721
1372	10
1373	4
1374	10
1375	12
1376	2
1377	1
1378	0
1379	1
1380	7
1381	18
1382	9
1383	4
1384	0
1385	0
1386	1
1387	3
1388	23
1389	48
1390	1
1391	5
1392	3
1393	2
1394	6
1395	1
1396	1
1397	21
1398	15
1399	2
1400	2
1401	21
1402	1164
1403	841
1404	8
1405	7
1406	25
1407	21
1408	7
1409	11
1410	6
1411	3
1412	11
1413	12
1414	3
1415	9
1416	8
1417	11
1418	0
1419	1
1420	8
1421	6
1422	24
1423	33
1424	11
1425	0
1426	34
1427	4
1428	5
1429	1
1430	1
1431	1
1432	36
1433	1088
1434	608
1435	75
1436	3
1437	6
1438	6
1439	3
1440	11
1441	10
1442	8
1443	15
1444	4
1445	2
1446	5
1447	16
1448	129
1449	18
1450	3
1451	8
1452	13
1453	12
1454	12
1455	8
1456	2
1457	5
1458	5
1459	5
1460	3
1461	11
1462	5
1463	1
1464	2
1465	3
1466	3
1467	11
1468	9
1469	3
1470	2
1471	1
1472	27
1473	9
1474	2
1475	1
1476	7
1477	8
1478	162
1479	2071
1480	1284
1481	57
1482	15
1483	11
1484	15
1485	5
1486	7
1487	16
1488	4
1489	6
1490	10
1491	5
1492	14
1493	8
1494	14
1495	3
1496	7
1497	10
1498	10
1499	21
1500	19
1501	1
1502	1
1503	1
1504	2
1505	2
1506	0
1507	11
1508	15
1509	9
1510	3
1511	3
1512	3
1513	2
1514	6
1515	9
1516	2
1517	0
1518	1
1519	4
1520	2
1521	1
1522	3
1523	2
1524	7
1525	209
1526	127
1527	14
1528	6
1529	0
1530	6
1531	3
1532	2
1533	0
1534	0
1535	4
1536	8
1537	1
1538	12
1539	13
1540	18
1541	10
1542	14
1543	10
1544	5
1545	5
1546	1
1547	2
1548	0
1549	4
1550	4
1551	1
1552	0
1553	1
1554	1
1555	0
1556	0
1557	0
1558	3
1559	1
1560	6
1561	3
1562	5
1563	3
1564	3
1565	19
1566	21
1567	7
1568	8
1569	1
1570	1
1571	6
1572	12
1573	18
1574	8
1575	3
1576	13
1577	1
1578	4
1579	6
1580	5
1581	13
1582	23
1583	3
1584	1
1585	8
1586	10
1587	2
1588	0
1589	7
1590	4
1591	6
1592	9
1593	1
1594	3
1595	16
1596	1
1597	0
1598	0
1599	3
1600	2
1601	1
1602	1
1603	8
1604	9
1605	1
1606	2
1607	1
1608	0
1609	0
1610	14
1611	232
1612	226
1613	17
1614	3
1615	5
1616	3
1617	3
1618	15
1619	19
1620	14
1621	2
1622	19
1623	30
1624	31
1625	1
1626	1
1627	13
1628	22
1629	1
1630	1
1631	8
1632	11
1633	11
1634	4
1635	8
1636	2
1637	2
1638	5
1639	3
1640	2
1641	34
1642	9
1643	1
1644	5
1645	2
1646	2
1647	3
1648	1
1649	1
1650	3
1651	1
1652	0
1653	3
1654	19
1655	5
1656	5
1657	31
1658	20
1659	8
1660	1
1661	3
1662	3
1663	3
1664	21
1665	0
1666	0
1667	1
1668	5
1669	4
1670	4
1671	4
1672	4
1673	13
1674	1
1675	2
1676	2
1677	2
1678	0
1679	3
1680	1
1681	5
1682	2
1683	0
1684	7
1685	30
1686	7
1687	6
1688	5
1689	4
1690	4
1691	0
1692	29
1693	27
1694	1
1695	1
1696	0
1697	0
1698	0
1699	4
1700	20
1701	3
1702	14
1703	16
1704	5
1705	2
1706	6
1707	3
1708	4
1709	9
1710	19
1711	1
1712	1
1713	10
1714	2
1715	2
1716	1
1717	2
1718	7
1719	12
1720	1
1721	1
1722	2
1723	25
1724	30
1725	36
1726	4
1727	72
1728	34
1729	4
1730	1
1731	10
1732	0
1733	1
1734	2
1735	1
1736	1
1737	2
1738	8
1739	13
1740	14
1741	2
1742	0
1743	1
1744	0
1745	4
1746	6
1747	1
1748	5
1749	3
1750	4
1751	3
1752	5
1753	3
1754	1
1755	0
1756	2
1757	5
1758	1
1759	0
1760	2
1761	5
1762	2
1763	8
1764	15
1765	9
1766	3
1767	3
1768	1
1769	38
1770	47
1771	44
1772	6
1773	58
1774	23
1775	2
1776	1
1777	0
1778	1
1779	1
1780	1
1781	1
1782	0
1783	1
1784	0
1785	1
1786	1
1787	3
1788	2
1789	0
1790	0
1791	8
1792	8
1793	3
1794	6
1795	5
1796	1
1797	0
1798	1
1799	0
1800	0
1801	0
1802	4
1803	7
1804	0
1805	1
1806	4
1807	3
1808	4
1809	7
1810	3
1811	4
1812	1
1813	7
1814	9
1815	4
1816	3
1817	1
1818	8
1819	10
1820	1
1821	3
1822	13
1823	8
1824	3
1825	0
1826	0
1827	11
1828	7
1829	1
1830	1
1831	0
1832	2
1833	7
1834	5
1835	8
1836	54
1837	34
1838	11
1839	2
1840	6
1841	4
1842	1
1843	0
1844	1
1845	2
1846	1
1847	1
1848	5
1849	10
1850	0
1851	0
1852	4
1853	6
1854	6
1855	4
1856	2
1857	1
1858	0
1859	15
1860	19
1861	6
1862	1
1863	0
1864	1
1865	1
1866	0
1867	0
1868	18
1869	12
1870	0
1871	2
1872	3
1873	4
1874	6
1875	6
1876	3
1877	0
1878	0
1879	2
1880	2
1881	4
1882	47
1883	219
1884	693
1885	250
1886	11
1887	6
1888	3
1889	0
1890	0
1891	3
1892	2
1893	0
1894	1
1895	5
1896	6
1897	1
1898	5
1899	5
1900	1
1901	0
1902	0
1903	0
1904	1
1905	3
1906	4
1907	4
1908	29
1909	10
1910	4
1911	1
1912	0
1913	0
1914	0
1915	3
1916	0
1917	1
1918	0
1919	0
1920	0
1921	1
1922	4
1923	0
1924	0
1925	1
1926	0
1927	1
1928	1
1929	17
1930	128
1931	16
1932	64
1933	2
1934	3
1935	0
1936	0
1937	0
1938	0
1939	1
1940	2
1941	64
1942	60
1943	0
1944	3
1945	5
1946	2
1947	0
1948	7
1949	0
1950	2
1951	3
1952	0
1953	0
1954	28
1955	2
1956	1
1957	0
1958	0
1959	2
1960	0
1961	4
1962	4
1963	1
1964	0
1965	0
1966	0
1967	0
1968	0
1969	0
1970	0
1971	0
1972	2
1973	3
1974	0
1975	3
1976	6
1977	5
1978	410
1979	7
1980	0
1981	2
1982	4
1983	0
1984	1
1985	4
1986	8
1987	202
1988	196
1989	2
1990	7
1991	6
1992	0
1993	0
1994	7
1995	16
1996	14
1997	3
1998	5
1999	5
2000	3
2001	2
2002	2
2003	0
2004	2
2005	0
2006	0
2007	23
2008	254
2009	56
2010	0
2011	0
2012	0
2013	0
2014	0
2015	0
2016	0
2017	0
2018	1
2019	1
2020	2
2021	1
2022	0
2023	2
2024	25
2025	1
2026	0
2027	0
2028	0
2029	1
2030	2
2031	3
2032	2
2033	3
2034	1
2035	0
2036	3
2037	4
2038	4
2039	0
2040	1
2041	8
2042	6
2043	32
2044	34
2045	1
2046	1
2047	2
2048	11
2049	18
2050	13
2051	12
2052	3
2053	18
2054	601
2055	416
2056	1
2057	0
2058	0
2059	0
2060	0
2061	2
2062	4
2063	2
2064	2
2065	0
2066	1
2067	0
2068	0
2069	2
2070	14
2071	0
2072	0
2073	0
2074	0
2075	1
2076	0
2077	0
2078	1
2079	1
2080	0
2081	2
2082	8
2083	2
2084	1
2085	2
2086	6
2087	5
2088	1
2089	1
2090	3
2091	3
2092	0
2093	1
2094	24
2095	37
2096	2
2097	0
2098	1
2099	1
2100	4
2101	5
2102	1
2103	1
2104	0
2105	0
2106	1
2107	2
2108	3
2109	1
2110	1
2111	1
2112	0
2113	0
2114	0
2115	0
