1,B2094452D06BA0F44393,华严农场,湖北省孝感市106省道,113.704354,30.621404,617,0712,42,44 617,政府机构,8008642098403000000,城隍镇,汉川市,3,3,2,0,1210
2,B2094453D36AA0FA4698,雅太食品,湖北省孝感市106省道,113.714397,30.619758,259,0712,42,258 259,工厂,,,,1,1,1,0,1594
3,B2094452DA6EABF54898,湖北恒德印务有限责任公司,湖北省孝感市106省道,113.71209472656,30.618037923177,259,0712,42,258 259,工厂,8008642098403000000,城隍镇,汉川市,0,0,0,0,1675
4,B2094452D36FA4F5459C,华严农场,湖北省汉川市华严农场市场路,113.70812472873,30.616021864149,627,0712,42,601 627,一般地点标志,8008642098403000000,城隍镇,汉川市,2,3,0,0,1808
5,B2094451D16CA3F8409C,汉川市城隍镇河岭村,湖北省孝感市106省道,113.7249235026,30.63387641059,627,0712,42,601 627,一般地点标志,8008642098403000000,城隍镇,汉川市,1,1,1,0,1814
6,B2094451D468ABF5429E,河岭村,湖北省孝感市106省道,113.725257,30.629952,627,0712,42,601 627,一般地点标志,8008642098403000000,城隍镇,汉川市,0,0,0,0,1852
7,B2094452D56BA7F44498,派出所,湖北省孝感市106省道,113.71661946615,30.616662597656,45,0712,42,44 45,产业园区,8008642098403000000,城隍镇,汉川市,0,0,0,0,1999
8,B2094452D06FA0FB409C,湖北省国营华严农场,湖北省孝感市106省道,113.70754882812,30.615051540799,627,0712,42,601 627,一般地点标志,8008642098403000000,城隍镇,汉川市,2,2,1,0,1911
9,B209445CD66AA6FC489E,蚌湖 华严农场,湖北省孝感市106省道,113.708389,30.614214,111,0712,42,64 111,休闲餐饮场所,,,,1,1,1,0,2011
10,B209445CD66AA6F44798,华严农场,湖北省孝感市106省道,113.70793,30.614204,111,0712,42,64 111,休闲餐饮场所,,,,0,0,0,0,2008
