1,B2094453DA6BA1FA409C,传统烧饼,高桥四路,114.06483,30.63028,87,0027,None,64 69 87,特色／地方风味餐厅,,,,0,0,0,0,296
2,B2094451DA64ABF4479E,优安达科技园,湖北省武汉市东西湖区台北二道,114.066281,30.630335,627,0027,42,601 627,一般地点标志,8008642011210000000,长青街区,东西湖区,2,3,2,0,274
3,B2094453DA6BA0FE4098,天天香家常菜,东西湖大道,114.0654,30.62993,81,0027,None,64 69 81,湖北菜,,,,0,0,0,0,320
4,B2094450D46CA3F9449C,武汉苏宁物流基地,湖北省 武汉市 东西湖区高桥五路与东吴大道交汇处,114.06943,30.63175,263,0027,42,258 263,公司,8008642011210000000,长青街区,东西湖区,10,12,6,0,357
5,B2094450DB6DA4F4469F,圆通速递（华中管理区）,武汉市东西湖区高桥四路185号,114.06679,30.62948,263,0027,42,258 263,公司,8008642011210000000,长青街区,东西湖区,4,4,1,0,376
6,B2094452D16DA1FC469C,苏宁物流中心,湖北省武汉市东西湖区东西湖大道,114.07060329861,30.631528862847,263,0027,42,258 263,公司,8008642011210000000,长青街区,东西湖区,4,4,2,0,471
7,B2094453D764A6FD439C,苏宁物流,湖北省武汉市东西湖区东西湖大道,114.07044108073,30.631726888021,627,0027,42,601 627,一般地点标志,,,,0,0,0,0,450
8,B2094457D065A0F8499B,圆通速递华中管理区,湖北省 武汉市 高桥四路185号,114.06036,30.63101,263,0027,42,258 263,公司,8008642011210000000,长青街区,东西湖区,3,3,2,0,566
9,B2094450D469A0F84798,犄角旮旯,湖北省 武汉市 武汉东西湖二十一支沟,114.06859,30.62856,627,0027,42,601 627,一般地点标志,8008642011210000000,长青街区,东西湖区,2,2,1,0,535
10,B2094655D56CA2FF4093,武汉北收费站,,114.05788,30.63113,267,0027,None,19 267,收费站,8008642011210000000,长青街区,东西湖区,185,235,90,0,790
11,B209445CD76FA3FF439B,高桥三路,湖北省武汉市东西湖区东西湖大道,114.06019992405,30.629276529948,627,0027,42,601 627,一般地点标志,,,,1,1,1,0,670
12,B2094753D66DA7FF459E,锦江之星(武汉吴家山经济开发区店),吴家山二十一支沟,114.062274098396,30.6263793339897,216,0027,None,19 216,经济型连锁酒店,8008642011210000000,长青街区,东西湖区,61,79,32,0,792
13,B2094757D565A7F5459E,高桥产业园委员会,中国湖北省武汉市-东西湖区,114.05933322,30.62957547,45,0027,None,44 45,产业园区,8008642011210000000,长青街区,东西湖区,38,56,13,0,723
14,B209445CD668A0FF4793,鼎鑫股份有限公司,湖北省武汉市东西湖区东西湖大道,114.06580566406,30.625436469184,111,0027,42,64 111,休闲餐饮场所,,,,0,0,0,0,816
15,B2094453DA6BA2FB4998,泉州牛肉火锅,东西湖大道,114.06656,30.625223,86,0027,None,64 69 86,火锅店,,,,0,0,0,0,843
16,B2094453DA6BA3FA4198,新乐轩餐厅,东西湖大道,114.06923,30.62583,81,0027,None,64 69 81,湖北菜,,,,0,0,0,0,836
17,B2094453DA6AAAFD439B,咱家私房菜,东西湖大道,114.0644,30.625696,81,0027,None,64 69 81,湖北菜,,,,0,0,0,0,800
18,B2094450D16CA6F5499A,苏宁东西湖物流基地,湖北省 武汉市 东西湖区东吴大道高桥五路,114.06755,30.62495,252,0027,42,44 252,楼宇机构,8008642011210000000,长青街区,东西湖区,3,5,1,0,885
19,B2094453D76BA6F84092,东星联合石材,湖北省武汉市东西湖区东西湖大道,114.071064,30.626392,259,0027,42,258 259,工厂,,,,1,2,2,0,865
20,B2094452DA69ABFA4199,武汉万和石业,湖北省武汉市东西湖区东西湖大道,114.06713107639,30.625136176215,259,0027,42,258 259,工厂,,,,1,17,17,0,858
21,B209445CD768A0F8459A,昆明市西山区西南建材市场,湖北省武汉市昆明市西山区,114.06610894097,30.625283474392,627,0027,42,601 627,一般地点标志,,,,0,0,0,0,834
22,B209445CD768A0F8449F,西南建材市场北门,湖北省武汉市昆明市西山区,114.06610894097,30.625283474392,627,0027,42,601 627,一般地点标志,,,,0,0,0,0,834
23,B2094757DA64A2FC4293,金诚国际石材展销中心,东西湖区吴家山21支沟,114.056625,30.629493,252,0027,None,44 252,楼宇机构,8008642011210000000,长青街区,东西湖区,3,3,3,0,960
24,B2094757D565A5F5459A,万国汽贸高桥国际城,中国湖北省武汉市-东西湖区,114.058058,30.62603299,158,0027,None,19 158,汽车销售,8008642011210000000,长青街区,东西湖区,59,66,20,0,1061
25,B2094452D469A3FE459C,长青街幸福苑小区,湖北省武汉市东西湖区东西湖大道,114.0747024197,30.626790635851,47,0027,42,44 47,住宅区,8008642011210000000,长青街区,东西湖区,1,1,1,0,1074
26,B2094452DA6BA5F9409D,新汉正西,湖北省武汉市东西湖区东西湖大道,114.06659044054,30.623807508681,627,0027,42,601 627,一般地点标志,,,,1,1,0,0,1000
27,B2094753D66DAAFF4899,锦峰建材,东西湖区 二十一路 金诚国际市场城A4区10号,114.070616,30.623806,642,0027,None,258 642,家居装饰类公司,8008642011210000000,长青街区,东西湖区,0,0,0,0,1095
28,B2094655D56CA2FF4399,东西湖南桥,,114.05382,30.63399,250,0027,None,194 250,公园户外,8008642011206000000,走马岭街区,东西湖区,4,4,1,0,1165
29,B2094450DB6FA6F44599,花都集团总部,湖北省武汉市东西湖区,114.055874,30.627573,259,0027,42,258 259,工厂,8008642011210000000,长青街区,东西湖区,0,0,0,0,1121
30,B2094452D165A6FD409A,武汉工程大学（流芳校区）,湖北省武汉市洪山区武汉工程大学,114.07378716363,30.622693684896,678,0027,42,51 678,学校大门,8008642011210000000,长青街区,东西湖区,1,1,1,0,1352
31,B2094453DA68A0FF429F,武汉德邦物流武汉总部,湖北省武汉市东西湖区台南二道,114.06455159505,30.62091389974,265,0027,42,258 265,知名企业,,,,2,2,2,0,1326
32,B2094453DA6FAAF44392,德邦物流武汉总部,湖北省武汉市东西湖区台南二道,114.06455159505,30.62091389974,265,0027,42,258 265,知名企业,,,,0,0,0,0,1326
33,B2094451D469A2FC429D,武汉市东西湖区走马岭街高桥五路苏宁物流基地,湖北省武汉市东西湖区G4京港澳高速,114.05512396918,30.640905490451,259,0027,42,258 259,工厂,8008642011206000000,走马岭街区,东西湖区,2,2,2,0,1373
34,B2094451D16CA1F44693,顺丰速运,湖北省武汉市东西湖区高桥二路,114.05276692708,30.626385362413,45,0027,42,44 45,产业园区,8008642011210000000,长青街区,东西湖区,4,4,3,0,1445
35,B2094452D26FA0FA439B,世外桃源,湖北省武汉市东西湖区,114.07332628038,30.621531575521,111,0027,42,64 111,休闲餐饮场所,8008642011210000000,长青街区,东西湖区,1,1,1,1,1439
36,B2094453DA6BA3FA4093,思味美特色菜馆,东西湖大道,114.073494,30.621735,81,0027,None,64 69 81,湖北菜,,,,0,0,0,0,1428
37,B2094453DA6AABFC429B,天宇餐厅,东西湖大道,114.07364,30.621683,81,0027,None,64 69 81,湖北菜,,,,0,0,0,0,1440
38,B2094451D569A3FA479D,平潭海岛国家森林公园,福州市龙凤路,114.05393256293,30.623034396701,196,0027,42,194 196,公园,8008642011210000000,长青街区,东西湖区,0,0,0,0,1578
39,B2094453DA6BA7FF4899,河南商丘饭店,东西湖大道,114.07441,30.621384,81,0027,None,64 69 81,湖北菜,,,,0,0,0,0,1507
40,B2094453DA6BA3F84392,姐妹农家菜馆,东西湖大道,114.07514,30.621162,81,0027,None,64 69 81,湖北菜,,,,0,0,0,0,1566
41,B2094451D46BA2F84699,周黑鸭怕苦就不要来了超级苦,湖北省武汉市东西湖区东西湖大道,114.04998263889,30.633743218316,259,0027,42,258 259,工厂,8008642011206000000,走马岭街区,东西湖区,0,0,0,0,1528
42,B2094453DA6BA3FA419A,成都阳光酒店,幸福小学旁,114.076546,30.620924,81,0027,None,64 69 81,湖北菜,,,,0,0,0,0,1667
43,B2094451DB65AAFD469B,周黑鸭,湖北省武汉市东西湖区G4京港澳高速出口,114.05010796441,30.637879231771,259,0027,42,258 259,工厂,8008642011206000000,走马岭街区,东西湖区,1,1,1,0,1616
44,B2094453DA6BA2FF439D,幸福土菜馆,东西湖大道5319号附近,114.077934,30.620668,87,0027,None,64 69 87,特色／地方风味餐厅,,,,0,0,0,0,1773
45,B2094452D065A5F8499C,天喔工业园,湖北省武汉市东西湖区东西湖大道,114.04721544054,30.633703613281,259,0027,42,258 259,工厂,8008642011206000000,走马岭街区,东西湖区,1,1,0,0,1793
46,B2094452D66FA5FB449E,湖北省武昌火车站,湖北省武汉市东西湖区台南二道,114.05847629123,30.61867594401,627,0027,42,601 627,一般地点标志,8008642011210000000,长青街区,东西湖区,4,4,2,0,1723
47,B2094451D66BA0FF449A,湖北省武汉市武汉大学,湖北省武汉市东西湖区G4京港澳高速,114.05452039931,30.62028374566,627,0027,42,601 627,一般地点标志,8008642011206000000,走马岭街区,东西湖区,0,0,0,0,1766
48,B2094451D469A7FF489C,莫泰168酒店,湖北省武汉市江汉区,114.05494981554,30.619788140191,627,0027,42,601 627,一般地点标志,8008642011206000000,走马岭街区,东西湖区,0,0,0,0,1786
49,B2094655D56CA3F54898,湖北建华管桩有限公司,,114.04653,30.63153,263,0027,None,258 263,公司,8008642011206000000,走马岭街区,东西湖区,3,4,0,0,1860
50,B2094452D06EABFC449D,建华建材（湖北）有限公司,湖北省武汉市东西湖区东西湖大道,114.046731,30.631597,259,0027,42,258 259,工厂,8008642011206000000,走马岭街区,东西湖区,1,4,1,0,1841
51,B209445CD76AA0F9419D,高斯美集团,湖北省武汉市武汉东西湖区东西湖大道走马铃打靶堤12号,114.047453,30.635926,259,0027,42,258 259,工厂,,,,0,0,0,0,1802
52,B2094453DA6AAAFF409A,好再来农家菜馆,东西湖大道,114.04585,30.634563,81,0027,None,64 69 81,湖北菜,,,,0,0,0,0,1931
53,B2094452DA6EA0F94693,吴家山,东西湖区,114.04473442925,30.633503689236,170,0027,42,169 170,KTV,8008642011206000000,走马岭街区,东西湖区,0,0,0,0,2029
54,B2094451D56BA7FF449D,在那山的那边海的那边有两只小逗比,湖北省武汉市东西湖区东西湖大道,114.08495469835,30.622670355903,195,0027,42,194 195,游乐场,8008642011210000000,长青街区,东西湖区,1,1,1,0,2144
55,B2094451DB65A6F84098,湖北九州通药业,湖北省武汉市东西湖区东西湖大道,114.085802,30.624399,259,0027,42,258 259,工厂,8008642011210000000,长青街区,东西湖区,2,2,2,0,2122
56,B2094452DA64A6F5469F,开往梦想的火车,湖北省武汉市东西湖区东西湖大道,114.04236653646,30.635775824653,188,0027,42,169 188,文化宫,,,,1,1,0,0,2279
57,B209445CD765A2F4429C,九州通医药集团物流有限公司,武汉市田园大道99号,114.087255,30.624169,263,0027,0000,258 263,公司,,,,1,5,3,0,2259
58,B2094452D668A2FC409C,田园大道九州通,湖北省武汉市东西湖区东西湖大道,114.08640489366,30.623302680122,627,0027,42,601 627,一般地点标志,8008642011210000000,长青街区,东西湖区,3,3,2,0,2229
59,B2094453DA6BA0F5459F,大众餐馆,东西湖大道,114.04225,30.638166,81,0027,None,64 69 81,湖北菜,,,,0,0,0,0,2344
60,B2094452D46EAAF8499E,武汉东西湖保税物流中心管委会,湖北省武汉市东西湖区革新大道,114.04211154514,30.629178331163,617,0027,42,44 617,政府机构,8008642011206000000,走马岭街区,东西湖区,2,2,0,0,2313
61,B2094452D76FA4F8449E,天喔,湖北省武汉市东西湖区东西湖大道,114.04149793837,30.636095106337,259,0027,42,258 259,工厂,8008642011206000000,走马岭街区,东西湖区,1,1,1,0,2366
62,B2094451D565AAFB449C,武汉市世纪鸿基机械科技有限公司,武汉市东西湖区走马岭食品工业园,114.049864,30.616904,259,0027,42,258 259,工厂,8008642011206000000,走马岭街区,东西湖区,0,0,0,0,2341
63,B2094753D36CA1FD459B,江湖一品酒楼,东西湖大道6501号(舵落口大市场对面),114.08668,30.61935,76,0027,None,64 69 76,上海菜,8008642011210000000,长青街区,东西湖区,1,2,0,0,2489
64,B2094454D26CAAFF479C,走马岭1號,东西湖区国家级吴家山食品产业基地,114.04682455,30.61794779,47,0027,None,44 47,住宅区,8008642011206000000,走马岭街区,东西湖区,1,1,0,0,2462
65,B2094452DA69A5FA409D,武汉良品铺子物流邮箱公司,湖北省武汉市东西湖区东西湖大道,114.04073133681,30.636565212674,263,0027,42,258 263,公司,,,,2,2,0,0,2447
69,B2094452DA65A4F84292,天喔,湖北省武汉市东西湖区东西湖大道,114.04089463976,30.636374240451,259,0027,42,258 259,工厂,,,,0,0,0,0,2428
