1,B2094451D06BA1FC469A,武汉天河机场,湖北省武汉市东西湖区吴新干线,114.10151692708,30.664719238281,627,0027,42,601 627,一般地点标志,8008642011207000000,径河街区,东西湖区,10,10,5,0,576
2,B2094453DA6BA0F94898,必胜客(菱角湖店),菱角湖万达商业广场,114.096855,30.669447,94,0027,None,64 93 94,西餐厅,,,,0,0,0,0,782
3,B2094453DA6AAAF9459A,新竹自助快餐,菱角湖万达美食街,114.096855,30.669447,68,0027,None,64 68,快餐厅,,,,0,0,0,0,782
4,B2094453DA6BA3F8429E,朱教授美味小站,菱角湖万达美食街,114.09686,30.66945,68,0027,None,64 68,快餐厅,,,,0,0,0,0,783
5,B2094453DA6AA4F8429F,农家炒菜,菱角湖万达minifans美食城,114.09686,30.66945,87,0027,None,64 69 87,特色／地方风味餐厅,,,,0,0,0,0,783
6,B2094453DA6AA0FA4998,银蚝坊,菱角湖万达minifans美食城,114.09686,30.66945,269,0027,None,64 269,烧烤,,,,0,0,0,0,783
7,B2094453DA6AA0FC4593,华莱士(菱角湖万达餐厅店),菱角湖万达广场美食街B082,114.096855,30.669447,68,0027,None,64 68,快餐厅,,,,0,0,0,0,782
8,B2094453DA69ABFA459E,土家风吊锅饭,菱角湖万达金街mini-fans美食广场-,114.09686,30.66945,257,0027,None,64 69 257,中餐厅,,,,0,0,0,0,783
9,B2094453DA69ABFA459F,木甑饭,菱角湖万达minifans美食广场,114.09686,30.66945,257,0027,None,64 69 257,中餐厅,,,,0,0,0,0,783
10,B2094453DA69A5FD419C,御宅寿司,菱角湖万达室外步行街C031,114.09686,30.66945,95,0027,None,64 93 95,日本料理,,,,0,0,0,0,783
11,B2094453DA6AA6FB459E,山里风情生态庄园,吴新干线8公里处,114.11449,30.66588,71,0027,None,64 69 71,四川菜,,,,0,0,0,0,1801
