1,B2094453DA6BA6F5429A,双英酒家,荷花路132号,113.98116,30.695637,81,0027,None,64 69 81,湖北菜,,,,0,0,0,0,634
2,B2094453D265A3FE479B,刘允贞,湖北省武汉市东西湖区荷包湖花园村13#,113.9825897895,30.689972059462,627,0027,42,601 627,一般地点标志,,,,1,1,0,0,680
3,B2094453D265A3FE4699,花园村13#,湖北省武汉市东西湖区荷花街,113.9825897895,30.689972059462,627,0027,42,601 627,一般地点标志,,,,1,1,0,0,680
4,B2094757D565A4FC4292,燕岭社区文体活动中心,中国湖北省武汉市-东西湖区,113.98267307,30.68310737,248,0027,None,169 248,生活娱乐,8008642011202000000,新沟镇街区,东西湖区,49,84,29,0,1193
5,B209445CD769A5F8479A,武汉第二电线电缆有限公司总部,湖北省武汉市东西湖区荷花街,113.985279,30.685672,263,0027,42,258 263,公司,,,,1,1,1,0,1147
6,B2094451D468ABFE499E,武昌火车站,湖北省武汉市武昌区中山路,113.96600450304,30.685670301649,627,0027,42,601 627,一般地点标志,8008642011202000000,新沟镇街区,东西湖区,4,4,4,0,1192
7,B2094451D669A1FA459E,新沟桃林,湖北省武汉市东西湖区荷花街,113.97195855035,30.702626953125,250,0027,42,194 250,公园户外,8008642011202000000,新沟镇街区,东西湖区,1,1,1,0,1229
8,B209475CD36DA6FF419C,兰亭农庄,惠安大道,113.9686114,30.68143229,87,0027,None,64 69 87,特色／地方风味餐厅,8008642011202000000,新沟镇街区,东西湖区,0,0,0,0,1382
9,B2094453DA6BA2FD4493,品味轩,油纱路101号,113.98376,30.681776,81,0027,None,64 69 81,湖北菜,,,,0,0,0,0,1374
10,B2094453DA6BA2F54392,倾风烘焙(燕岭社区店),燕岭新村369号,113.98386,30.68233,112,0027,None,64 112,糕饼店,,,,0,0,0,0,1329
11,B2094453DA6AA4F4409F,风味园酒店,燕领社区油纱路139号,113.98104,30.6809,81,0027,None,64 69 81,湖北菜,,,,0,0,0,0,1342
12,B2094452D46CA1FD4998,阳逻区双柳街道中交二航局(武船重工旁),湖北省武汉市东西湖区荷花街,113.98439751519,30.682000868056,627,0027,42,601 627,一般地点标志,8008642011206000000,走马岭街区,东西湖区,0,0,0,0,1388
13,B2094453DA6AA6F8479A,东旭酒楼,油纱路16号,113.98931,30.68421,81,0027,None,64 69 81,湖北菜,,,,0,0,0,0,1554
14,B209445CD769A1FB489E,荷包湖红花村,湖北省武汉市东西湖区东西湖大道荷包湖三大队二小队,113.990594,30.701074,627,0027,42,601 627,一般地点标志,,,,0,0,0,0,1720
15,B209475DD768A7FF419A,中国(华中)电动车CBD,汉川市106省道旁,113.95774833,30.69840571,47,0027,None,44 47,住宅区,8008642011202000000,新沟镇街区,东西湖区,0,0,0,0,1876
16,B2094451D769A1F9459C,苗湖三队,湖北省武汉市东西湖区惠安大道,113.972302,30.676096,627,0027,42,601 627,一般地点标志,8008642011206000000,走马岭街区,东西湖区,0,0,0,0,1819
17,B209445CD76AA7F94099,草场村,湖北省武汉市东西湖区106省道,113.97128092448,30.710433213976,627,0027,42,601 627,一般地点标志,,,,1,1,0,0,2086
18,B2094655D46CA3FB4192,新沟镇小学,,113.95241,30.69517,56,0027,None,51 56,小学,8008642011202000000,新沟镇街区,东西湖区,0,0,0,0,2278
19,B2094451DB6FA3FF4393,孝感市董永公园,孝感市孝南区董永公园,113.99862684462,30.683872612847,196,0027,42,194 196,公园,8008642011202000000,新沟镇街区,东西湖区,1,1,0,0,2358
