1,B2094452DA6EA5F4429A,径河农场先锋大队马家湾,湖北省武汉市东西湖区吴新干线,114.119249,30.687519,627,0027,42,601 627,一般地点标志,8008642011207000000,径河街区,东西湖区,1,1,1,0,842
2,B2094451D669A1FE4893,离太阳最近,武汉市洪山区,114.14120605469,30.687526584201,195,0027,42,194 195,游乐场,8008642011207000000,径河街区,东西湖区,1,1,1,0,1599
3,B2094452D669AAF9489E,东光宾馆,湖北省武汉市东西湖区张柏路,114.139827,30.700084,217,0027,42,19 217,旅馆招待所,8008642011204000000,柏泉街区,东西湖区,1,1,0,0,1587
4,B2094655D56CA2FE459B,柏泉收费站,,114.13678,30.70675,267,0027,None,19 267,收费站,8008642011204000000,柏泉街区,东西湖区,41,51,18,0,1892
5,B209445CD764A2F9409E,武汉阳光纸业有限公司,湖北省武汉市东西湖区张柏路道达尔加油站前行300米,114.14060194227,30.706485460069,259,0027,0000,258 259,工厂,,,,2,3,1,0,2098
6,B209445CD668A5FC4698,阳光鸿泰纸业公司,湖北省武汉市东西湖区G4201武汉绕城高速出口,114.14058024089,30.706561414931,263,0027,42,258 263,公司,,,,1,2,1,0,2103
7,B2094453DA6BA0FE489C,东港苑农庄,张柏路,114.149994,30.692894,87,0027,None,64 69 87,特色／地方风味餐厅,,,,0,0,0,0,2332
8,B2094455DA65A7FA459F,鑫飞扬超市（新港苑店）,东西湖区张柏路新港苑小区1号,114.149902,30.69404,118,0027,None,115 118,超级市场,8008642011204000000,柏泉街区,东西湖区,0,0,0,0,2328
9,B2094750DB65A0FC449C,柏泉新苑小区,柏泉农场,114.13063,30.714645,47,0027,None,44 47,住宅区,8008642011204000000,柏泉街区,东西湖区,16,42,23,0,2487
10,B2094453DA6BA0FE409A,金鼎花水上农庄,东流港桥张柏公路特2号,114.150925,30.691257,87,0027,None,64 69 87,特色／地方风味餐厅,,,,0,0,0,0,2427
