1,B2094452D369A2F54492,0624Nichkhun生日粗卡,湖北武汉吴家山泾河街道,114.15633110894,30.69355875651,627,0027,42,601 627,一般地点标志,8008642011207000000,径河街区,东西湖区,0,0,0,0,104
2,B2094453DA6BA0FE409A,金鼎花水上农庄,东流港桥张柏公路特2号,114.150925,30.691257,87,0027,None,64 69 87,特色／地方风味餐厅,,,,0,0,0,0,499
3,B2094453DA6BA0FE489C,东港苑农庄,张柏路,114.149994,30.692894,87,0027,None,64 69 87,特色／地方风味餐厅,,,,0,0,0,0,561
4,B2094455DA65A7FA459F,鑫飞扬超市（新港苑店）,东西湖区张柏路新港苑小区1号,114.149902,30.69404,118,0027,None,115 118,超级市场,8008642011204000000,柏泉街区,东西湖区,0,0,0,0,588
5,B2094757D16FA5F94293,柏泉茅庙集,武汉东西湖区柏泉农场,114.15546,30.701131,500,0027,None,500,未知分类,8008642011204000000,柏泉街区,东西湖区,70,79,39,0,937
6,B209445CD66BA3FA4199,武汉市东西湖区银柏路,湖北省武汉市东西湖区银柏路,114.16787055122,30.694199490017,500,0027,42,500,未知分类,,,,1,1,0,0,1162
7,B2094453DA6BA6FE459D,新兴酒家,张柏路30号,114.16085,30.68156,81,0027,None,64 69 81,湖北菜,,,,0,0,0,0,1331
8,B2094453DA6BA6F9419D,友缘酒家,张柏路30号,114.16085,30.68156,81,0027,None,64 69 81,湖北菜,,,,0,0,0,0,1331
9,B2094453DA6BA5FF469D,聚贤酒楼,张柏路30号,114.16085,30.68156,81,0027,None,64 69 81,湖北菜,,,,0,0,0,0,1331
10,B2094452D164A0F54893,我是小胖几,湖北省武汉市东西湖区,114.16653645833,30.684960666233,219,0027,42,19 219,其他,8008642011207000000,径河街区,东西湖区,1,1,1,0,1339
11,B2094451D669A1FE4893,离太阳最近,武汉市洪山区,114.14120605469,30.687526584201,195,0027,42,194 195,游乐场,8008642011207000000,径河街区,东西湖区,1,1,1,0,1516
12,B2094453DA69A4FF4092,快乐人家,泾河街十字路口47路公交站旁,114.16547,30.68136,77,0027,None,64 69 77,湖南菜,,,,0,0,0,0,1564
13,B2094453DA6AAAFF409B,喜瑞餐馆,塔西路,114.16016,30.678123,81,0027,None,64 69 81,湖北菜,,,,0,0,0,0,1676
14,B2094453DA6BA6F94192,映山红农家小店,张柏路,114.16406,30.679016,81,0027,None,64 69 81,湖北菜,,,,0,0,0,0,1716
15,B2094453DA6BA0FC4699,尝相聚美食,十字西街32号,114.163345,30.67825,81,0027,None,64 69 81,湖北菜,,,,0,0,0,0,1763
16,B2094453DA6BA0FC4793,遇见咖啡,径河十字西街38号,114.16319,30.67808,65,0027,None,64 65,咖啡厅,,,,0,0,0,0,1775
17,B2094453DA6AA4F4409C,福客来酒楼,径河农场西街21号,114.16381,30.678284,81,0027,None,64 69 81,湖北菜,,,,0,0,0,0,1779
18,B2094453DA6AA0F44698,便宜坊私家菜,十字北街6号,114.16435,30.6787,81,0027,None,64 69 81,湖北菜,,,,0,0,0,0,1760
19,B2094452D669AAF9489E,东光宾馆,湖北省武汉市东西湖区张柏路,114.139827,30.700084,217,0027,42,19 217,旅馆招待所,8008642011204000000,柏泉街区,东西湖区,1,1,0,0,1739
20,B209445CD264A5F54292,吴家山人民医院,湖北省武汉市东西湖区塔西路,114.15215657552,30.67706108941,627,0027,42,601 627,一般地点标志,,,,0,0,0,0,1779
21,B2094655D56EA6FA459D,径河农场公交站,,114.16533,30.67853,38,0027,None,19 38,公交车站,8008642011207000000,径河街区,东西湖区,97,205,92,0,1822
22,B209445CD668AAFD409D,至尊汉堡,湖北省武汉市东西湖区塔西路,114.16542046441,30.678639322917,116,0027,42,115 116,特色商业街,,,,1,1,1,0,1816
23,B2094451D56AA5FA4498,拍摄于5月1日 月球,湖北省武汉市东西湖区径河中路,114.15696072049,30.676434733073,195,0027,42,194 195,游乐场,8008642011207000000,径河街区,东西湖区,0,0,0,0,1816
24,B2094453DA6BA2F5469D,小四川(塔西路店),塔西路,114.16525,30.678247,71,0027,None,64 69 71,四川菜,,,,0,0,0,0,1845
25,B2094453DA6AAAFE4992,真味菜馆,塔西路,114.16519,30.678331,81,0027,None,64 69 81,湖北菜,,,,0,0,0,0,1834
26,B2094453DA6AA4F54392,万家灯火酒店,十字东街23号,114.16581,30.67885,81,0027,None,64 69 81,湖北菜,,,,0,0,0,0,1815
27,B2094453DA6AA4F54393,万家灯火农家菜馆,十字东街37号,114.16643,30.67903,87,0027,None,64 69 87,特色／地方风味餐厅,,,,0,0,0,0,1830
28,B2094453DA6AAAFD429D,倾风烘培(泾河店),径河十字南街6号,114.16438,30.6781,112,0027,None,64 112,糕饼店,,,,0,0,0,0,1821
29,B2094453DA6AA5FB4192,锦泰食府,泾河街十字路口,114.16628,30.679092,81,0027,None,64 69 81,湖北菜,,,,0,0,0,0,1816
30,B2094453DA6AA6FF4793,新农寨,径河十字东街37号,114.16645,30.678955,81,0027,None,64 69 81,湖北菜,,,,0,0,0,0,1838
31,B2094453DA69ABF8469E,倾风烘焙(径河店),武汉市东西湖区径河十字南街6号,114.16439,30.67809,112,0027,None,64 112,糕饼店,,,,0,0,0,0,1822
32,B2094453DA69ABF8469F,爱可西饼,径河农场十字南街23号,114.16411,30.67769,112,0027,None,64 112,糕饼店,,,,0,0,0,0,1851
33,B2094453DA69ABF9409A,农院灶台,塔西路,114.165245,30.678282,257,0027,None,64 69 257,中餐厅,,,,0,0,0,0,1842
34,B209445CD16DA7FF4392,武汉市金色惠农生态农业专业合作社,湖北省武汉市东西湖区银柏路,114.16701416016,30.706011827257,265,0027,42,258 265,知名企业,,,,1,1,0,0,1825
35,B209445CD16DA7FF469E,武汉天地情家庭农场,湖北省武汉市东西湖区银柏路,114.16701416016,30.706011827257,263,0027,42,258 263,公司,,,,0,0,0,0,1825
36,B2094452D76EAAFC449B,武汉富拉斯特汽车零部件有限公司,湖北省武汉市东西湖区径河5路6号,114.15445529514,30.675112304687,259,0027,42,258 259,工厂,8008642011207000000,径河街区,东西湖区,1,1,0,0,1965
37,B2094452D668A4FB4498,永安驾校,湖北省武汉市东西湖区径河路,114.16201822917,30.675033094618,627,0027,42,601 627,一般地点标志,8008642011207000000,径河街区,东西湖区,0,0,0,0,2056
38,B209445CD764A2F9409E,武汉阳光纸业有限公司,湖北省武汉市东西湖区张柏路道达尔加油站前行300米,114.14060194227,30.706485460069,259,0027,0000,258 259,工厂,,,,2,3,1,0,2116
39,B209445CD668A5FC4698,阳光鸿泰纸业公司,湖北省武汉市东西湖区G4201武汉绕城高速出口,114.14058024089,30.706561414931,263,0027,42,258 263,公司,,,,1,2,1,0,2124
40,B2094750D76AA1FB499F,红芳钓鱼台,东西湖区泾河农场径河路,114.1527,30.672487,87,0027,None,64 69 87,特色／地方风味餐厅,8008642011207000000,径河街区,东西湖区,3,4,3,0,2272
41,B2094453DA69A6FF4798,鱼趣(泛海城市广场店),王家墩CBD泛海城市广场购物广场5楼,114.16992,30.675714,88,0027,None,64 69 88,海鲜酒楼,,,,0,0,0,0,2323
42,B2094655D56DAAF84498,径河营业厅,东西湖区径河农场十字路口,114.16688,30.6735,248,0027,None,169 248,生活娱乐,8008642011207000000,径河街区,东西湖区,1,1,0,0,2386
43,B209445CD76EA3F4499C,兴宏业工业园,湖北省武汉市东西湖区环湖中路,114.17060329861,30.676296386719,627,0027,42,601 627,一般地点标志,,,,1,1,1,0,2310
44,B2094655D56CA2FE459B,柏泉收费站,,114.13678,30.70675,267,0027,None,19 267,收费站,8008642011204000000,柏泉街区,东西湖区,41,51,18,0,2402
45,B2094452DA6AA7F9499D,武汉圆方汽车有限公司,湖北省武汉市东西湖区环湖中路,114.17213840061,30.675307617187,263,0027,42,258 263,公司,,,,1,3,1,0,2488
