1,B2094453D764A1F9429F,湖北贝安心游乐设备有限公司,湖北省武汉市东西湖区,114.178644,30.681399,259,0027,42,258 259,工厂,,,,0,0,0,0,1446
2,B209445CD66BA3FA4199,武汉市东西湖区银柏路,湖北省武汉市东西湖区银柏路,114.16787055122,30.694199490017,500,0027,42,500,未知分类,,,,1,1,0,0,1749
3,B209475DD768A7F54799,兴宏业工业园,东西湖区金银湖环湖中路18号,114.17678826,30.67814411,46,0027,None,44 46,楼宇,8008642011207000000,径河街区,东西湖区,0,0,0,0,1849
4,B2094452D164A0F54893,我是小胖几,湖北省武汉市东西湖区,114.16653645833,30.684960666233,219,0027,42,19 219,其他,8008642011207000000,径河街区,东西湖区,1,1,1,0,2059
5,B2094452D164A3FD499E,玛雅海滩,湖北省武汉市黄陂区东西湖堤,114.20851671007,30.696690809462,200,0027,42,194 200,水上活动中心,8008642011612000000,盘龙城经济开发区,黄陂区,1,1,1,0,2195
6,B2094451D56EA1FF459F,江岸区香港路18号东方宫兰州牛肉拉面馆,湖北省武汉市江岸区香港路,114.208541,30.684187,247,0027,42,64 247,餐饮美食,8008642011207000000,径河街区,东西湖区,0,0,0,0,2352
7,B2094453DA69A4FF4092,快乐人家,泾河街十字路口47路公交站旁,114.16547,30.68136,77,0027,None,64 69 77,湖南菜,,,,0,0,0,0,2342
8,B209445CD16DA7FF4392,武汉市金色惠农生态农业专业合作社,湖北省武汉市东西湖区银柏路,114.16701416016,30.706011827257,265,0027,42,258 265,知名企业,,,,1,1,0,0,2348
9,B2094452DA6AA7F9499D,武汉圆方汽车有限公司,湖北省武汉市东西湖区环湖中路,114.17213840061,30.675307617187,263,0027,42,258 263,公司,,,,1,3,1,0,2352
10,B209445CD16DA7FF469E,武汉天地情家庭农场,湖北省武汉市东西湖区银柏路,114.16701416016,30.706011827257,263,0027,42,258 263,公司,,,,0,0,0,0,2348
11,B209445CD76EA3F4499C,兴宏业工业园,湖北省武汉市东西湖区环湖中路,114.17060329861,30.676296386719,627,0027,42,601 627,一般地点标志,,,,1,1,1,0,2352
12,B2094750D56AA6FF409E,心斋桥,金银湖环湖路北侧(奥林匹克花园旁),114.206743,30.679333,47,0027,None,44 47,住宅区,8008642011200000005,金银湖,东西湖区,0,0,0,0,2478
13,B2094453DA6AA4F54392,万家灯火酒店,十字东街23号,114.16581,30.67885,81,0027,None,64 69 81,湖北菜,,,,0,0,0,0,2478
14,B2094453DA6AA4F54393,万家灯火农家菜馆,十字东街37号,114.16643,30.67903,87,0027,None,64 69 87,特色／地方风味餐厅,,,,0,0,0,0,2419
15,B2094453DA6AA5FB4192,锦泰食府,泾河街十字路口,114.16628,30.679092,81,0027,None,64 69 81,湖北菜,,,,0,0,0,0,2426
16,B2094453DA6AA6FF4793,新农寨,径河十字东街37号,114.16645,30.678955,81,0027,None,64 69 81,湖北菜,,,,0,0,0,0,2423
17,B2094453DA69A6FF4798,鱼趣(泛海城市广场店),王家墩CBD泛海城市广场购物广场5楼,114.16992,30.675714,88,0027,None,64 69 88,海鲜酒楼,,,,0,0,0,0,2444
18,B2094451D56FA6FD4198,成都双流国际机场,湖北省武汉市东西湖区环湖路,114.18273898655,30.670735405816,627,0027,42,601 627,一般地点标志,8008642011208000000,金银湖街区,东西湖区,2,2,2,0,2468
