1,B2094652D768A7FF439E,总路咀收费站,,115.05425,30.69622,267,0713,None,19 267,收费站,8008642112110000000,总路咀镇,团风县,49,69,26,0,426
2,B2094451D46EA7FC4099,BB88,只有我才知道的地方,115.05417860243,30.696218532986,178,0713,42,169 178,电影院,8008642112110000000,总路咀镇,团风县,0,0,0,0,428
3,B2094454D065A6FC4492,318国道,湖北省 黄冈市 湖北黄冈团风县总路咀,115.059524,30.68555,627,0713,42,601 627,一般地点标志,8008642112110000000,总路咀镇,团风县,1,4,0,0,865
4,B2094451DB6EA7FF409F,湖北省天堂寨,湖北省黄冈市团风县S5武英高速,115.04695068359,30.699140896267,195,0713,42,194 195,游乐场,8008642112110000000,总路咀镇,团风县,0,0,0,0,1126
5,B2094452D56EA1FE469A,i美丽美容美发,湖北省黄冈市团风县318国道378号,115.068341,30.697122,263,0713,42,258 263,公司,8008642112110000000,总路咀镇,团风县,1,8,5,0,1275
6,B2094452DA68A7F94798,i美丽美容美发,总路咀新公路378号,115.068348,30.69695,627,0713,42,601 627,一般地点标志,,,,1,8,5,0,1269
7,B209445CD76FA3FB4293,总路咀高中,湖北省黄冈市团风县G318,115.06907958984,30.697813585069,253,0713,42,51 253,校园生活,,,,0,0,0,0,1371
8,B2094452D56EA1FF4798,总路咀小学,湖北省黄冈市团风县011乡道,115.07090196398,30.693766276042,52,0713,42,51 52,高等院校,8008642112110000000,总路咀镇,团风县,1,1,1,0,1427
9,B2094451D56CABFF4093,夕阳冲,湖北省黄冈市团风县046乡道,115.04582302517,30.682494303385,627,0713,42,601 627,一般地点标志,8008642112101000000,马曹庙镇,团风县,0,0,0,0,1501
10,B2094451D564A7F44998,总路咀高中,湖北省黄冈市团风县318国道,115.07170274523,30.698921983507,52,0713,42,51 52,高等院校,8008642112110000000,总路咀镇,团风县,1,1,1,0,1651
11,B2094652D76FA2FD439C,小林小商品,,115.07157,30.69858,117,0713,None,115 117,便民商店/便利店,8008642112110000000,总路咀镇,团风县,7,7,2,0,1623
12,B2094652D76FA2FD4392,祥云酒楼,,115.07445,30.69929,257,0713,None,64 69 257,中餐厅,8008642112110000000,总路咀镇,团风县,9,11,5,1,1908
