1,B2094453DA6AA7F9469E,扬州炒饭,生物工程学院后街,114.53919,30.719946,68,0027,None,64 68,快餐厅,,,,0,0,0,0,633
2,B2094453DA6BA0FB4793,正宗鸡老大香鸡排,生物工程学院,114.53868,30.71883,87,0027,None,64 69 87,特色／地方风味餐厅,,,,0,0,0,0,736
3,B2094453DA6BA1FD4898,特色锅巴饭,生物工程学院后街,114.53904,30.71844,87,0027,None,64 69 87,特色／地方风味餐厅,,,,0,0,0,0,732
4,B2094453DA6BA3FD439D,西贡哨子面,生物工程学院后街,114.53904,30.71881,87,0027,None,64 69 87,特色／地方风味餐厅,,,,0,0,0,0,709
5,B2094453DA6BA3FD4392,郭记肉夹馍,生物工程学院后街,114.53956,30.71782,87,0027,None,64 69 87,特色／地方风味餐厅,,,,0,0,0,0,739
6,B2094453DA6BA3F84199,张记秘制盖浇饭,生物工程学院后街,114.53906,30.71881,68,0027,None,64 68,快餐厅,,,,0,0,0,0,707
7,B2094453DA6AA7FA409E,杨记爱情麻辣烫,生物工程学院商业街,114.53851,30.71921,86,0027,None,64 69 86,火锅店,,,,0,0,0,0,729
8,B2094453DA69ABFF4398,东方宴,生物工程学院商业街内,114.53768,30.71928,269,0027,None,64 269,烧烤,,,,0,0,0,0,796
9,B2094453DA69ABFF439D,天涯共此食,汉施路,114.5378,30.72169,72,0027,None,64 69 72,广东菜,,,,0,0,0,0,709
10,B2094451D46DA2F5429E,界埠,湖北省武汉市新洲区汉施路,114.54599880642,30.71528266059,627,0027,42,601 627,一般地点标志,8008642011714000000,阳逻街区,新洲区,0,0,0,0,794
11,B2094452D36CA1FA459D,中国地质大学江城学院,湖北省武汉市江夏区中国地质大学江城学院,114.54854627821,30.715274793837,52,0027,42,51 52,高等院校,8008642011714000000,阳逻街区,新洲区,1,1,1,0,854
12,B2094451D66FA3FB469F,武生院商业街屋卡诺,湖北省武汉市新洲区汉施路,114.53790445964,30.717425672743,111,0027,42,64 111,休闲餐饮场所,8008642011714000000,阳逻街区,新洲区,0,0,0,0,887
13,B2094451D66FA3FB479B,武生院商业街-屋卡诺,湖北省武汉市新洲区汉施路,114.53790445964,30.717425672743,111,0027,42,64 111,休闲餐饮场所,8008642011714000000,阳逻街区,新洲区,0,0,0,0,887
14,B2094453DA6BA7F5469F,香辣馆特色盖饭,生物工程学院商业街,114.53758,30.71849,87,0027,None,64 69 87,特色／地方风味餐厅,,,,0,0,0,0,846
15,B2094453DA6BA7FE429F,幸福食客,生物工程学院商业街2楼,114.53733,30.71865,68,0027,None,64 68,快餐厅,,,,0,0,0,0,858
16,B2094453DA6BA3F84198,湘味缘餐厅,生物工程学院商业街2楼,114.53735,30.71861,68,0027,None,64 68,快餐厅,,,,0,0,0,0,858
17,B2094453DA6AA4F5409C,澳洲风情,生物工程学院商业街,114.53737,30.7193,257,0027,None,64 69 257,中餐厅,,,,0,0,0,0,821
18,B2094453DA6AA4FF4598,食酷茶坊,生物工程学院商业街,114.53753,30.71932,66,0027,None,64 66,茶艺馆,,,,0,0,0,0,807
19,B2094453DA69AAFF4692,怡恒川菜馆,生物工程学院,114.53735,30.71854,71,0027,None,64 69 71,四川菜,,,,0,0,0,0,862
20,B2094453DA69AAFF4798,啪啪可乐鸡翅,生物工程学院,114.53921,30.71688,269,0027,None,64 269,烧烤,,,,0,0,0,0,837
21,B2094453DA69AAFF479F,爱尚烧烤,生物工程学院后街,114.53725,30.719196,269,0027,None,64 269,烧烤,,,,0,0,0,0,837
22,B2094453DA69ABFF469F,二丁目寿司,生物工程学院后街,114.53892,30.71745,95,0027,None,64 93 95,日本料理,,,,0,0,0,0,812
23,B209445CD769A1FE479F,昏死在周末的床上,湖北省武汉市新洲区平江大道,114.54959120009,30.715964898003,500,0027,42,500,未知分类,,,,0,0,0,0,830
24,B2094452D368A6FD419D,广东省深圳市宝安区宝安机场,湖北省武汉市新洲区平江大道,114.54865993924,30.715538465712,627,0027,42,601 627,一般地点标志,8008642011714000000,阳逻街区,新洲区,2,2,1,0,832
25,B2094453D26BAAFD4898,王家湾小区,湖北省钟祥市西环二路,114.54764919705,30.715504557292,627,0027,42,601 627,一般地点标志,,,,0,0,0,0,801
26,B2094452D168A5F4419C,新甸铺镇,河南省南阳市新野县新甸铺镇,114.54951253255,30.715466037326,627,0027,42,601 627,一般地点标志,8008642011714000000,阳逻街区,新洲区,0,0,0,0,875
27,B2094451D66DAAF4459C,石裤子国,湖北省武汉市新洲区汉施路,114.54647460937,30.715280490451,627,0027,42,601 627,一般地点标志,8008642011714000000,阳逻街区,新洲区,0,0,0,0,800
28,B2094453DA69AAFF479C,可烤可乐,生物工程学院后街,114.53644,30.71917,269,0027,None,64 269,烧烤,,,,0,0,0,0,909
29,B2094453DA6AA3FE4592,楚留湘外卖,生物工程学院后街,114.53672,30.71794,68,0027,None,64 68,快餐厅,,,,0,0,0,0,948
30,B2094453D56CAAF84893,山河新村,湖北省武汉市新洲区汉施路,114.53596381293,30.718379448785,252,0027,42,44 252,楼宇机构,,,,0,0,0,0,987
31,B2094453DA6BA0FF429C,红茶坊,生物工程学院后街,114.5361,30.71763,66,0027,None,64 66,茶艺馆,,,,0,0,0,0,1016
32,B2094453DA6BA3FD429C,忘不了便当,生物工程学院后街,114.53617,30.71667,68,0027,None,64 68,快餐厅,,,,0,0,0,0,1070
33,B2094451D468A1FE409C,武商众圆广场,湖北省武汉市青山区建设三路,114.54357530382,30.713377007378,627,0027,42,601 627,一般地点标志,8008642011714000000,阳逻街区,新洲区,1,1,1,0,1014
34,B2094757D565A5F4479F,武汉工程职业技术学院,中国湖北省武汉市-新洲区,114.55212891,30.71419054,671,0027,None,51 671,高校中心点,8008642011714000000,阳逻街区,新洲区,127,225,111,0,1129
35,B2094453DA6BA3F8419E,芒果盖饭,生物工程学院后街,114.53557,30.71682,68,0027,None,64 68,快餐厅,,,,0,0,0,0,1108
36,B2094453DA6AABFD409E,菲菲餐厅,机电学院东门正对面,114.55126,30.71372,68,0027,None,64 68,快餐厅,,,,0,0,0,0,1127
37,B209475CD66DABFC4493,咖喱小憩餐厅,新洲区阳逻经济开发区武汉工程职业技术学院东门,114.554615,30.716234,500,0027,42,500,未知分类,8008642011714000000,阳逻街区,新洲区,2,6,3,0,1134
38,B2094453DA6BA3F8479F,第二好吃豆花店,生物工程学院武生院内,114.53337,30.71746,87,0027,None,64 69 87,特色／地方风味餐厅,,,,0,0,0,0,1255
39,B2094757D064A2F5439D,武汉生物工程学院,汉施路1号环宇水咖,114.532663,30.712851,113,0000,0000,64 113,冷饮店,8008642011714000000,阳逻街区,新洲区,5892,27741,15158,0,1599
40,B2094451DB6CA7FC4499,武汉生物工程学院钱学森报告厅,湖北省武汉市新洲区汉施路,114.53503472222,30.713934733073,52,0027,42,51 52,高等院校,8008642011714000000,阳逻街区,新洲区,1,1,1,0,1351
41,B2094453DA6BA7F54698,鸭腿饭,生物工程学院,114.53392,30.71457,87,0027,None,64 69 87,特色／地方风味餐厅,,,,0,0,0,0,1384
42,B2094453DA6BA7F5469E,老黑特色盖饭,生物工程学院后街,114.53392,30.71457,87,0027,None,64 69 87,特色／地方风味餐厅,,,,0,0,0,0,1384
43,B2094453DA6BA6FF429C,香天下,武汉生物工程学院,114.53395,30.71466,86,0027,None,64 69 86,火锅店,,,,0,0,0,0,1375
44,B2094453DA6BA0FF4498,Crazy菜,生物工程学院后街,114.533844,30.714901,68,0027,None,64 68,快餐厅,,,,0,0,0,0,1367
45,B2094453DA6BA0FA419C,杨姐烤肉饭脆皮鸡饭,生物工程学院,114.53536,30.71348,68,0027,None,64 68,快餐厅,,,,0,0,0,0,1365
46,B2094453DA6AAAFB499D,唐氏土耳其烤肉饭,生物工程学院后街,114.53536,30.71348,269,0027,None,64 269,烧烤,,,,0,0,0,0,1365
47,B2094453DA6BA3FD429F,爱从早餐开始,生物工程学院,114.53392,30.71457,68,0027,None,64 68,快餐厅,,,,0,0,0,0,1384
48,B2094453DA6BA3FD4293,唯客多餐吧,武汉生物工程学院,114.53395,30.71466,68,0027,None,64 68,快餐厅,,,,0,0,0,0,1375
49,B2094453DA6AABFD409C,任你烤,生物工程学院后街,114.53392,30.71457,68,0027,None,64 68,快餐厅,,,,0,0,0,0,1384
50,B2094453DA6AABF9449C,豆花妈妈(武生院店),汉施公路特1号武汉生物工程学院后街桥头村480号,114.53392,30.7146,112,0027,None,64 112,糕饼店,,,,0,0,0,0,1382
51,B2094453DA6AA5FF499A,黑子便当,生物工程学院后街,114.53394,30.71529,68,0027,None,64 68,快餐厅,,,,0,0,0,0,1333
52,B2094453DA6AA4F9479E,澜泊湾(生物工程学院店),生物工程学院商业街,114.53476,30.71447,112,0027,None,64 112,糕饼店,,,,0,0,0,0,1330
53,B2094453DA6AA4F9489A,红茶坊饮品店,阳逻桥头村475号,114.53532,30.713434,112,0027,None,64 112,糕饼店,,,,0,0,0,0,1371
54,B2094453DA6AA5FC4093,云南过桥米线,武汉生物工程学院,114.53395,30.71466,87,0027,None,64 69 87,特色／地方风味餐厅,,,,0,0,0,0,1375
55,B2094453DA6AA0F54398,面对面,生物工程学院,114.53395,30.71466,68,0027,None,64 68,快餐厅,,,,0,0,0,0,1375
56,B2094453DA6AA0F5439E,小辣椒美食,武汉生物工程学院,114.53392,30.7146,68,0027,None,64 68,快餐厅,,,,0,0,0,0,1382
57,B2094453DA6AA0F5439F,速美达外卖,生物工程学院,114.53292,30.717,68,0027,None,64 68,快餐厅,,,,0,0,0,0,1316
58,B2094453DA6AA0F5439D,红点点餐厅,生物工程学院,114.53392,30.71457,68,0027,None,64 68,快餐厅,,,,0,0,0,0,1384
59,B2094453DA6AA0F54392,宅神外卖,生物工程学院后街,114.53392,30.71457,68,0027,None,64 68,快餐厅,,,,0,0,0,0,1384
60,B2094453DA6AA0F5449A,陈记生滚砂锅煲仔饭,生物工程学院后街,114.53392,30.71457,68,0027,None,64 68,快餐厅,,,,0,0,0,0,1384
61,B2094453DA69ABFE4593,南海底海鲜简餐,武汉生物工程学院,114.53395,30.71466,88,0027,None,64 69 88,海鲜酒楼,,,,0,0,0,0,1375
62,B2094453DA6BA1FF4592,三哥家常菜,金迪新大酒店北300米,114.53274,30.714231,81,0027,None,64 69 81,湖北菜,,,,0,0,0,0,1496
63,B2094453DA6AA0F5439C,麦乐仕芝仕饭,生物工程学院后街,114.534744,30.712461,68,0027,None,64 68,快餐厅,,,,0,0,0,0,1488
64,B2094757D565A1FD449C,武汉工程职业技术学院江北校区,界埠村,114.544582,30.706861,52,0027,None,51 52,高等院校,8008642011714000000,阳逻街区,新洲区,621,1979,936,0,1728
65,B2094453DA6BA7F54699,一碗香,生物工程学院,114.53292,30.71371,87,0027,None,64 69 87,特色／地方风味餐厅,,,,0,0,0,0,1519
66,B2094453DA6BA6FF429D,闯码头重庆火锅,武生院后街桥头村,114.53272,30.71345,86,0027,None,64 69 86,火锅店,,,,0,0,0,0,1552
67,B2094453DA6BA6F5469C,牛骨汤麻辣烫,生物工程学院后街,114.53196,30.714363,86,0027,None,64 69 86,火锅店,,,,0,0,0,0,1547
68,B2094453DA6BA1FE419A,春来外卖,生物工程学院后街,114.53247,30.71444,68,0027,None,64 68,快餐厅,,,,0,0,0,0,1503
69,B2094453DA6BA3FD439C,正宗羊肉砂锅,生物工程学院,114.53292,30.71371,87,0027,None,64 69 87,特色／地方风味餐厅,,,,0,0,0,0,1519
70,B2094453DA6BA3F84093,吉吉炸炸,生物工程学院后街WAKEUP清吧对面,114.53256,30.713697,68,0027,None,64 68,快餐厅,,,,0,0,0,0,1546
71,B2094453DA6AABF9449F,豆花妈妈,生物工程学院后街桥头村480号,114.5327,30.71302,112,0027,None,64 112,糕饼店,,,,0,0,0,0,1584
72,B2094453DA69ABFF4593,洞庭石锅鱼,阳逻街桥头村,114.53269,30.7136,77,0027,None,64 69 77,湖南菜,,,,0,0,0,0,1543
73,B209445CD665AAFD4993,环宇KTV（环宇一楼环宇水咖）,湖北省武汉市新洲区汉施路,114.53334228516,30.712503526476,170,0027,42,169 170,KTV,,,,2,6,5,0,1578
74,B2094452D069A3FF449F,水密码四件套团购更划算,湖北省武汉市新洲区汉施路,114.53171223958,30.714196506076,122,0027,42,115 122,个人用品/化妆品店,8008642011714000000,阳逻街区,新洲区,1,5,5,0,1578
75,B2094451D569A7FA409D,武汉阳逻开发区,湖北省武汉市新洲区汉施路,114.53212646484,30.714232042101,122,0027,42,115 122,个人用品/化妆品店,8008642011714000000,阳逻街区,新洲区,0,0,0,0,1543
76,B2094451D569A7FA439D,丹姿水密码mi膜·爱不将就,湖北省武汉市新洲区汉施路,114.53212646484,30.714232042101,122,0027,42,115 122,个人用品/化妆品店,8008642011714000000,阳逻街区,新洲区,1,9,7,0,1543
77,B2094451D469A6F4479C,湖北工业大学,湖北省武汉市 武昌南湖李家墩一村1号,114.551065,30.709652,248,0027,42,169 248,生活娱乐,8008642011714000000,阳逻街区,新洲区,1,1,1,0,1525
78,B2094757D565A5FF4193,深蓝网吧,中国湖北省武汉市-新洲区,114.53266222,30.71206326,176,0027,None,169 176,网吧,8008642011714000000,阳逻街区,新洲区,28,40,20,0,1659
79,B2094451D16BA3F4469C,武汉生物工程学院钱学森楼,湖北省武汉市新洲区汉施路,114.53219536675,30.711974555122,46,0027,42,44 46,楼宇,8008642011714000000,阳逻街区,新洲区,3,5,6,0,1698
80,B2094655D465ABFD449A,迎宾酒楼(武汉生物工程学院东),,114.54372,30.70772,70,0027,None,64 69 70,综合酒楼,8008642011714000000,阳逻街区,新洲区,8,8,0,0,1638
81,B2094757D565A5F5479B,金诚食府,中国湖北省武汉市-新洲区,114.532646,30.711872,81,0027,None,64 69 81,湖北菜,8008642011714000000,阳逻街区,新洲区,6,11,9,10,1675
82,B2094451DA6AA0F44098,汉口火车站,湖北省武汉市新洲区汉施路,114.545808648,30.707343207465,52,0027,42,51 52,高等院校,8008642011714000000,阳逻街区,新洲区,2,2,2,0,1675
83,B2094452D26CA0F54193,东湖磨山,湖北省武汉市武昌区东湖,114.53450927734,30.710686035156,202,0027,42,194 202,公园广场,8008642011714000000,阳逻街区,新洲区,1,1,1,0,1654
84,B209445CD76BAAF5439B,环宇水咖,武汉市新洲区阳逻街生物工程学园后街环宇水咖,114.53260199653,30.712423231337,247,0027,0000,64 247,餐饮美食,,,,1,1,1,0,1636
85,B2094452DA6EA4FF4192,湖北省武汉市新洲区汉施,湖北省武汉市新洲区汉施路,114.53323838976,30.711224229601,603,0027,42,169 603,夜店,8008642011714000000,阳逻街区,新洲区,4,4,3,0,1687
86,B2094752D26DAAFC479A,哈尔滨石锅烤肉,近郊新洲区武生院商业街(近汉施路),114.531715,30.71244,269,0027,None,64 269,烧烤,8008642011714000000,阳逻街区,新洲区,0,0,0,0,1698
87,B2094453DA6BA0FA419D,福来德汉堡(武生院店),汉施路1号,114.53267,30.71245,87,0027,None,64 69 87,特色／地方风味餐厅,,,,0,0,0,0,1629
89,B2094453DA6AA5F9439E,老乡村酒楼,汉施路,114.54212,30.70759,81,0027,None,64 69 81,湖北菜,,,,0,0,0,0,1672
90,B2094453DA6AA0F54292,KIMI鸡扒饭,生物工程学院后街,114.53289,30.712027,68,0027,None,64 68,快餐厅,,,,0,0,0,0,1646
91,B2094453DA6AA3FE4698,慢思烤烤肉(东区商业街店),武汉生物工程学院东区商业街,114.53174,30.712477,68,0027,None,64 68,快餐厅,,,,0,0,0,0,1693
92,B2094453DA69ABFE4999,差不多先生自助烧烤火锅,武汉生物工程学院后街文志网吧对面,114.532425,30.712498,86,0027,None,64 69 86,火锅店,,,,0,0,0,0,1643
93,B2094453DA69ABFF439C,棒棒卤肉饭,生物工程学院后街环宇KTV附近,114.53251,30.71242,72,0027,None,64 69 72,广东菜,,,,0,0,0,0,1642
94,B2094451DA6DA2FB419C,光谷步行街,湖北省武汉市新洲区汉施路,114.53203097873,30.712112630208,170,0027,42,169 170,KTV,8008642011714000000,阳逻街区,新洲区,2,2,2,0,1699
95,B209445CD665A3FC449D,寰宇KTV（寰宇水咖）,湖北省武汉市新洲区汉施路,114.5325132921,30.712392578125,170,0027,42,169 170,KTV,,,,1,1,1,0,1644
96,B209445CD668A7FC429F,环宇KTV一楼环宇水咖,湖北省武汉市新洲区汉施路,114.53278727214,30.712460666233,170,0027,42,169 170,KTV,,,,0,0,0,0,1620
97,B2094450DB6DA4FE479D,武汉生物工程学院,湖北省 武汉市 湖北省武汉市新洲区,114.53223,30.71309,253,0027,42,51 253,校园生活,8008642011714000000,阳逻街区,新洲区,4,4,4,0,1613
98,B2094452D36FA3FE4598,光谷国际大厦,湖北省武汉市珞喻路,114.53548963759,30.710373263889,248,0027,42,169 248,生活娱乐,8008642011714000000,阳逻街区,新洲区,0,0,0,0,1626
99,B2094451DB6CA6FB4698,FFFFFFF w,湖北省武汉市新洲区汉施路,114.53458306207,30.710970323351,627,0027,42,601 627,一般地点标志,8008642011714000000,阳逻街区,新洲区,0,0,0,0,1625
100,B2094757D565A4FC419C,乐斯尼KTV,中国湖北省武汉市-新洲区,114.53265896,30.71152262,170,0027,None,169 170,KTV,8008642011714000000,阳逻街区,新洲区,45,75,44,0,1701
101,B2094655D56EA6FA499B,界埠公交站,,114.54636,30.70711,38,0027,None,19 38,公交车站,8008642011714000000,阳逻街区,新洲区,35,87,30,0,1704
102,B2094451D468AAFD409A,武汉万达威斯汀酒店,湖北省武汉市新洲区汉施路,114.52979790582,30.714155815972,45,0027,42,44 45,产业园区,8008642011714000000,阳逻街区,新洲区,2,2,2,0,1733
103,B2094452D26EA5FF4693,武生院,湖北省武汉市新洲区汉施路,114.53251112196,30.711481933594,52,0027,42,51 52,高等院校,8008642011714000000,阳逻街区,新洲区,1,1,1,0,1714
104,B2094451D468A0F8409D,武汉市武汉天地,湖北省武汉市新洲区汉施路,114.52979465061,30.714157714844,45,0027,42,44 45,产业园区,8008642011714000000,阳逻街区,新洲区,0,0,0,0,1733
105,B2094451D76DA6F94092,WE.我们的咖啡,湖北省武汉市新洲区汉施路,114.53430474175,30.710110677083,65,0027,42,64 65,咖啡厅,8008642011714000000,阳逻街区,新洲区,1,2,2,0,1717
106,B2094451D76FA4F9419A,红点点牛扒饭,湖北省武汉市新洲区汉施路,114.53190321181,30.712153049045,256,0027,42,64 93 256,外国餐厅,8008642011714000000,阳逻街区,新洲区,1,1,1,0,1705
107,B2094452D565A2FB429A,澜泊湾奶茶店,湖北省武汉市新洲区汉施路,114.53150553385,30.712451171875,113,0027,42,64 113,冷饮店,8008642011714000000,阳逻街区,新洲区,0,0,0,0,1712
108,B2094453DA6BA2F8409F,动感煲煲,汉施路,114.53107,30.712387,68,0027,None,64 68,快餐厅,,,,0,0,0,0,1749
109,B2094453DA6AABFD4092,百味美食餐厅,生物工程学院后街,114.53127,30.71245,68,0027,None,64 68,快餐厅,,,,0,0,0,0,1730
110,B2094453DA6AABF9449D,酷味儿奶茶,武汉生物工程学院后街老好人蛋糕对面,114.53193,30.711302,112,0027,None,64 112,糕饼店,,,,0,0,0,0,1768
111,B2094453DA6AA1F9489B,五七虾庄,生物工程学院后街,114.53232,30.71177,71,0027,None,64 69 71,四川菜,,,,0,0,0,0,1705
112,B2094453DA69AAFF4592,食为天,生物工程学院商业街,114.53087,30.71207,81,0027,None,64 69 81,湖北菜,,,,0,0,0,0,1786
113,B2094453DA69ABFE4292,屋卡诺,商业街A209,114.53015,30.712872,112,0027,None,64 112,糕饼店,,,,0,0,0,0,1785
114,B2094453DA69AAFD459E,滋味楼,生物工程学院商业街144号,114.53106,30.71228,650,0027,None,64 69 650,江西菜,,,,0,0,0,0,1757
115,B2094757DA64A7FE4398,欣隆湖滨半岛商业,新洲经济开发区汉施公路与余泊路交汇点（管委会正对面）,114.543607,30.707084,252,0027,None,44 252,楼宇机构,8008642011714000000,阳逻街区,新洲区,2,2,1,0,1709
116,B2094655D56EA5F4449A,长河桥,,114.53685,30.70807,250,0027,None,194 250,公园户外,8008642011714000000,阳逻街区,新洲区,1,1,0,0,1781
117,B2094451D668A4F54498,国际知名大企业,湖北省武汉市新洲区汉施路,114.532372,30.711698,265,0027,42,258 265,知名企业,8008642011714000000,阳逻街区,新洲区,1,1,1,0,1707
118,B2094451D76FA4F44093,武湖安然纳米汗蒸馆,湖北省武汉市新洲区汉施路,114.53268147786,30.710601128472,248,0027,42,169 248,生活娱乐,8008642011714000000,阳逻街区,新洲区,1,2,1,0,1774
119,B2094452D064ABFA419E,东区八舍,湖北省武汉市新洲区汉施路,114.5292569987,30.713605143229,52,0027,42,51 52,高等院校,8008642011714000000,阳逻街区,新洲区,1,1,0,0,1809
120,B2094451D56EAAFD4199,武汉生物工程图书馆,湖北省武汉市新洲区汉施路,114.53069715712,30.711095920139,52,0027,42,51 52,高等院校,8008642011714000000,阳逻街区,新洲区,0,0,0,0,1870
121,B2094451D56FA1F84398,武汉牛叉牛叉工程学院,湖北省武汉市新洲区汉施路,114.54987711589,30.705809190538,52,0027,42,51 52,高等院校,8008642011714000000,阳逻街区,新洲区,0,0,0,0,1899
122,B2094453D66DA2F4439F,武汉断水断电断网学院,湖北省武汉市新洲区汉施路,114.53166286892,30.711030273438,52,0027,42,51 52,高等院校,,,,0,0,0,0,1808
123,B2094451DA6FA0FA489C,湖北省武汉市光谷步行街,湖北省武汉市光谷步行街西班牙风情街秀玉红茶坊,114.52935546875,30.713431803385,256,0027,42,64 93 256,外国餐厅,8008642011714000000,阳逻街区,新洲区,2,2,2,0,1812
124,B2094451D46CA5FD459B,中国香港大屿山迪士尼乐园度假区好莱坞酒店,中国香港大屿山迪士尼乐园度假区好莱坞酒店,114.52992730035,30.712579752604,65,0027,42,64 65,咖啡厅,8008642011714000000,阳逻街区,新洲区,1,1,0,0,1822
125,B2094453DA68A0F54993,武生院东区商业街“九月”,湖北省武汉市新洲区汉施路,114.52981038411,30.712732204861,111,0027,42,64 111,休闲餐饮场所,,,,1,2,2,0,1820
126,B2094453DA6AA7F9469F,巧厨餐厅,汉施路,114.532,30.70974,68,0027,None,64 68,快餐厅,,,,0,0,0,0,1889
127,B2094451DB6DA4F4459F,动感光波哔哔哔哔,湖北省武汉市新洲区汉施路,114.52930311415,30.712233615451,170,0027,42,169 170,KTV,8008642011714000000,阳逻街区,新洲区,1,1,1,0,1892
128,B2094451D66BA3F4489A,停停停停停电的东六寝,湖北省武汉市新洲区汉施路,114.53147542318,30.711095648872,57,0027,42,51 57,幼儿园,8008642011714000000,阳逻街区,新洲区,1,1,0,0,1815
129,B2094452D06DA1FB4292,邓阿庆,湖北省武汉市新洲区汉施路,114.53147542318,30.71109375,170,0027,42,169 170,KTV,8008642011714000000,阳逻街区,新洲区,0,0,0,0,1816
130,B2094450D66CA7F54793,武生院商业街,湖北省 武汉市 武汉生物工程学院,114.52909,30.71262,253,0027,42,51 253,校园生活,8008642011714000000,阳逻街区,新洲区,5,9,7,0,1884
131,B2094453DB68A5FD499A,武生院M2pub,湖北省武汉市新洲区汉施路武汉生物工程学院,114.52932942708,30.712650282118,172,0027,42,169 172,酒吧,,,,1,2,2,0,1863
132,B2094655D46CA7F44599,武汉江南实业集团有限公司(阳逻第三中学西北),,114.54838,30.70633,263,0027,None,258 263,公司,8008642011714000000,阳逻街区,新洲区,5,6,2,0,1813
133,B209475DD76EA7FE4392,姚小达的店,湖北省武汉市新洲区阳逻街武汉生物工程学院商业街2楼A218,114.53157,30.711103,249,0027,42,115 249,购物服务,8008642011714000000,阳逻街区,新洲区,0,0,0,0,1808
134,B2094451DA64A5F94092,武汉卓宝商学院,湖北省武汉市新洲区平江大道,114.56066894531,30.71255859375,259,0027,42,258 259,工厂,8008642011714000000,阳逻街区,新洲区,1,1,0,0,1843
135,B2094451D665A6FE419F,楚河汉街万达广场,武汉市楚河汉街万达广场,114.52984781901,30.712205132378,627,0027,42,601 627,一般地点标志,8008642011714000000,阳逻街区,新洲区,4,4,4,0,1853
136,B2094453D36DA6F5469C,武汉生物工程学院北1305,湖北省武汉市新洲区汉施路,114.52929660373,30.712373318142,627,0027,42,601 627,一般地点标志,,,,0,0,0,0,1884
137,B2094750D464ABFA4799,武汉生物工程学院商业街,汉施路1号,114.530555,30.71051,247,0027,None,64 247,餐饮美食,8008642011714000000,阳逻街区,新洲区,23,49,37,14,1924
138,B2094452D268A2FF4193,武汉生物工程学院图书馆,湖北省武汉市新洲区汉施路,114.528118,30.712656,52,0027,42,51 52,高等院校,8008642011714000000,阳逻街区,新洲区,4,4,3,0,1958
139,B2094452D06AA0FB4192,武汉生物工程学院江南水乡,湖北省武汉市新洲区汉施路,114.52904812283,30.712185872396,52,0027,42,51 52,高等院校,8008642011714000000,阳逻街区,新洲区,2,2,2,0,1915
140,B2094451D16BA1FF499A,武汉生物工程学院武术队,湖北省武汉市新洲区汉施路,114.5305227322,30.710411783854,52,0027,42,51 52,高等院校,8008642011714000000,阳逻街区,新洲区,1,11,9,0,1934
141,B2094452D568ABFF469C,钱塘居,湖北省武汉市新洲区汉施路,114.52648464627,30.715551757812,52,0027,42,51 52,高等院校,8008642011714000000,阳逻街区,新洲区,1,1,0,0,1943
142,B2094757D565A4FC419A,泰安堂大药房,中国湖北省武汉市-新洲区S111,114.53250651,30.70877441,162,0027,None,19 162,医院,8008642011714000000,阳逻街区,新洲区,3,4,3,0,1940
143,B2094655D56EA7F9479A,武湖村公交站,,114.53374,30.70785,38,0027,None,19 38,公交车站,8008642011714000000,阳逻街区,新洲区,0,0,0,0,1953
144,B2094452D568A1F84099,M2 PUB,武汉生物工程学院商业街,114.532245,30.708991,65,0027,42,64 65,咖啡厅,8008642011714000000,阳逻街区,新洲区,1,3,3,0,1937
145,B2094451D66FA0F8459E,风聆音乐吧,湖北省武汉市新洲区汉施路武汉生物工程学院,114.52885715061,30.712668457031,111,0027,42,64 111,休闲餐饮场所,8008642011714000000,阳逻街区,新洲区,0,0,0,0,1899
146,B2094453DA6BA1F8479E,意美乐披萨,新洲区武汉生物工程学院商业街,114.52657,30.71494,94,0027,None,64 93 94,西餐厅,,,,0,0,0,0,1963
147,B2094453DA6BA3F8419A,小厨房,生物工程学院商业街,114.53118,30.709509,68,0027,None,64 68,快餐厅,,,,0,0,0,0,1961
148,B2094453DA6AA0FA4693,程记杂酱面馆,生物工程学院商业街,114.5296,30.710447,87,0027,None,64 69 87,特色／地方风味餐厅,,,,0,0,0,0,1996
149,B2094453DA6AA0F5439B,食全食美,新洲区武汉生物工程学院商业街,114.52666,30.71469,68,0027,None,64 68,快餐厅,,,,0,0,0,0,1967
150,B2094453DA69ABFF419C,小饭桶骨香砂锅麻辣烫,生物工程学院c区167号,114.52955,30.71051,71,0027,None,64 69 71,四川菜,,,,0,0,0,0,1995
151,B2094453DA69ABFF469C,豆花VS寿司,新洲区武汉生物工程学院商业街,114.52662,30.71509,95,0027,None,64 93 95,日本料理,,,,0,0,0,0,1952
152,B2094757D565A3F94892,金迪新大酒店,汉施路,114.53295329,30.70814779,217,0027,None,19 217,旅馆招待所,8008642011714000000,阳逻街区,新洲区,14,15,6,0,1969
153,B2094450D56AA0F54593,武生院图书馆,湖北省 武汉市 武汉生物工程学院,114.52798,30.71295,253,0027,42,51 253,校园生活,8008642011714000000,阳逻街区,新洲区,6,16,12,0,1951
154,B2094450DB6AA6FB479F,武汉生物工程学院东区体育场,湖北省 武汉市 汉施路一号,114.53096,30.71019,253,0027,42,51 253,校园生活,8008642011714000000,阳逻街区,新洲区,5,5,3,0,1921
155,B2094451D46CA5FA429E,武汉生物工程学院晨光湖,湖北省武汉市新洲区汉施路,114.52881212023,30.712183159722,253,0027,42,51 253,校园生活,8008642011714000000,阳逻街区,新洲区,1,1,1,0,1934
156,B209445CD66BA2FE409D,东6666666666666666666,湖北省武汉市新洲区汉施路,114.52898790148,30.711737467448,500,0027,42,500,未知分类,,,,1,1,1,0,1950
157,B2094451DB6CA6FC489D,美武汉市美奇斯机械设备有限公司,湖北省武汉市阳逻经济开发区青花大道美奇斯工业园,114.565087,30.718869,265,0027,42,258 265,知名企业,8008642011714000000,阳逻街区,新洲区,0,0,0,0,1946
158,B2094451D668A4F5439B,宜家家居,湖北省武汉市新洲区汉施路,114.52639594184,30.71468234592,265,0027,42,258 265,知名企业,8008642011714000000,阳逻街区,新洲区,0,0,0,0,1991
159,B2094450D76FABF8429D,武生院晨光体育场,湖北省 武汉市 武汉市新洲区汉施路一号,114.52995,30.71117,627,0027,42,601 627,一般地点标志,8008642011714000000,阳逻街区,新洲区,3,3,3,0,1918
160,B2094451D469A1FD4692,五角大楼总统办公室,湖北省武汉市新洲区汉施路,114.52907958984,30.711194932726,627,0027,42,601 627,一般地点标志,8008642011714000000,阳逻街区,新洲区,1,1,0,0,1980
161,B2094450DA6FAAFF479F,触不可及,湖北省 武汉市 我不等你了,114.52902,30.71167,627,0027,42,601 627,一般地点标志,8008642011714000000,阳逻街区,新洲区,1,1,1,0,1952
162,B209445CD669ABFD4892,武汉市武汉生物工程学院一号教学楼,湖北省武汉市新洲区汉施路,114.5290093316,30.711107584635,627,0027,42,601 627,一般地点标志,,,,1,1,0,0,1992
163,B209445CD669ABFE4099,武汉生物工程学院一号教学楼,湖北省武汉市,114.5290093316,30.711107584635,627,0027,42,601 627,一般地点标志,,,,0,0,0,0,1992
164,B2094453D76BAAF84693,武汉市武汉生物工程学院,湖北省武汉市新洲区汉施路,114.52659613715,30.714367947049,627,0027,42,601 627,一般地点标志,,,,0,0,0,0,1989
165,B2094452DA69A0FB459A,银杏关,湖北省武汉市新洲区汉施路,114.52677517361,30.715159505208,627,0027,42,601 627,一般地点标志,,,,0,0,0,0,1935
166,B2094452DA6DA6F8459F,学府家园,湖北省武汉市新洲区汉施路,114.526517,30.714363,627,0027,42,601 627,一般地点标志,8008642011714000000,阳逻街区,新洲区,0,0,0,0,1996
167,B209445CD66BA2F44698,武汉市武汉生物工程学院学府家园,湖北省武汉市新洲区汉施路,114.52682481554,30.714297146267,627,0027,42,601 627,一般地点标志,,,,0,0,0,0,1973
168,B2094453D46CABF9469A,木丹园,湖北省武汉市新洲区汉施路,114.5265500217,30.714324001736,627,0027,42,601 627,一般地点标志,,,,0,0,0,0,1995
169,B2094451DB68A7F54599,西双版那,湖北省武汉市新洲区汉施路,114.52896240234,30.711589898003,627,0027,42,601 627,一般地点标志,8008642011714000000,阳逻街区,新洲区,0,0,0,0,1962
170,B2094452DA69A0FB4698,银杏关,湖北省武汉市新洲区汉施路,114.52677517361,30.715159505208,627,0027,42,601 627,一般地点标志,,,,0,0,0,0,1935
171,B2094750D568ABF9449B,水映澜湾,水映澜湾位于阳逻平江西路南(客运站旁),114.54895,30.704649,47,0027,None,44 47,住宅区,8008642011714000000,阳逻街区,新洲区,1,1,0,0,2007
172,B2094451D66FA0F9429B,武汉生物工程学院东八宿舍,湖北省武汉市新洲区汉施路,114.52758246528,30.711999782986,52,0027,42,51 52,高等院校,8008642011714000000,阳逻街区,新洲区,2,2,2,0,2042
173,B2094451D66FA4FD4099,武汉生物工程学院-一号楼北1304,湖北省武汉市新洲区汉施路,114.53002278646,30.709606119792,52,0027,42,51 52,高等院校,8008642011714000000,阳逻街区,新洲区,0,0,0,0,2031
174,B209445CD764A5F84292,秋水伊人,湖北省武汉市阳逻经济开发区武汉生物工程学院商业街,114.53036024306,30.709302571615,52,0027,0000,51 52,高等院校,,,,0,0,0,0,2032
175,B2094451D468A2FF459B,歪厨,湖北省枣阳市东园八里社区对面“歪厨”,114.52495686849,30.715335557726,257,0027,42,64 69 257,中餐厅,8008642011714000000,阳逻街区,新洲区,1,1,1,0,2087
176,B2094752D26CA2FA439B,江西瓦罐汤,近郊新洲区武生院北园(近汉施公路),114.52494,30.715454,68,0027,None,64 68,快餐厅,8008642011714000000,阳逻街区,新洲区,0,0,0,0,2084
177,B2094453DA6AA5FF499F,天天美食,新洲区武汉工程学院商业街,114.52565,30.71499,68,0027,None,64 68,快餐厅,,,,0,0,0,0,2041
178,B2094453DA6AA4F9479F,爱心蛋糕,生物工程学院后街,114.52666,30.7129,112,0027,None,64 112,糕饼店,,,,0,0,0,0,2062
179,B2094453DA6AA0F4489F,饺子王,生物工程学院,114.52874,30.710608,82,0027,None,64 69 82,东北菜,,,,0,0,0,0,2047
180,B2094757DA64A7FE4393,新澳-城市印象,阳逻开发区汉施公路与余泊路交汇,114.536419,30.705977,252,0027,None,44 252,楼宇机构,8008642011714000000,阳逻街区,新洲区,0,0,0,0,2009
181,B2094450DA64A7F5439C,浩浩王几,湖北省 武汉市 新洲区汉施公路1号,114.52619,30.7145,253,0027,42,51 253,校园生活,8008642011714000000,阳逻街区,新洲区,1,2,2,0,2017
182,B2094753D768A3FF4099,武汉生物工程学院泛音琴行,汉施路1号武生院老区邮政斜对面,114.535705,30.706148,253,0027,42,51 253,校园生活,8008642011714000000,阳逻街区,新洲区,1,1,0,0,2021
183,B209445CD66BA4FF4898,江南水乡潇湘居,湖北省武汉市新洲区汉施路,114.524957,30.715325,500,0027,42,500,未知分类,,,,1,1,1,0,2088
184,B2094452DB6DA3FE479F,畅达网咖,湖北省武汉市新洲区汉施路,114.52515733507,30.715680609809,176,0027,42,169 176,网吧,,,,0,0,0,0,2055
185,B2094655D46CA7F4459E,武汉中百集团食品加工工业园,,114.55105,30.7049,263,0027,None,258 263,公司,8008642011714000000,阳逻街区,新洲区,4,15,3,0,2026
186,B2094451DB6CA6FE4698,武汉市美奇斯机械设备有限公司,湖北省武汉市阳逻经济开发区青花大道美奇斯工业园,114.565488,30.717965,265,0027,42,258 265,知名企业,8008642011714000000,阳逻街区,新洲区,1,59,53,0,2006
187,B2094451DB68A7F9489E,武汉生物工程学院东区篮球场,湖北省武汉市新洲区汉施路,114.53016520182,30.709867621528,248,0027,42,169 248,生活娱乐,8008642011714000000,阳逻街区,新洲区,2,2,2,0,2001
188,B209445CD668A0F5499A,武汉生物工程学院学府家园,湖北省武汉市新洲区汉施路,114.52646755642,30.714287923177,627,0027,42,601 627,一般地点标志,,,,1,1,1,0,2004
189,B2094451DA65ABFF409A,没心没肺,湖北省武汉市新洲区汉施路,114.52625054253,30.714534505208,627,0027,42,601 627,一般地点标志,8008642011714000000,阳逻街区,新洲区,1,1,0,0,2010
190,B2094451D46FA1FE439B,我和我追逐的梦,火星街之上来了来了啦咯啦咯啦咯,114.52536268446,30.715174696181,627,0027,42,601 627,一般地点标志,8008642011714000000,阳逻街区,新洲区,1,1,1,0,2058
191,B2094451D56DA4F4489B,崭新的建筑大楼,湖北省武汉市新洲区汉施路,114.524236,30.718422,627,0027,42,601 627,一般地点标志,8008642011714000000,阳逻街区,新洲区,1,1,1,0,2051
192,B2094453D26EA0F84692,春风村,湖北省武汉市新洲区汉施路,114.52584092882,30.714777018229,627,0027,42,601 627,一般地点标志,,,,0,0,0,0,2034
193,B2094453D26FA6FE4399,流年·旧年,湖北省武汉市新洲区汉施路,114.5287234158,30.710508083767,627,0027,42,601 627,一般地点标志,,,,0,0,0,0,2055
194,B2094750D465A4FE479F,武汉生物工程学院一号教学楼,武汉生物工程学院新区,114.532249,30.706581,500,0027,None,500,未知分类,8008642011714000000,阳逻街区,新洲区,35,48,23,0,2150
195,B2094450DA68A2F9429D,武汉生物工程学院图书馆,湖北省 武汉市 武汉生物工程学院图书馆,114.52708,30.71091,253,0027,42,51 253,校园生活,8008642011714000000,阳逻街区,新洲区,30,36,23,0,2151
196,B2094452D065A5FC449D,武汉光谷意大利风情街,湖北省武汉市新洲区汉施路,114.52491210937,30.713125,628,0027,42,601 628,著名地点,8008642011714000000,阳逻街区,新洲区,5,5,5,0,2195
197,B2094452D56BA7FA459A,生物工程学院学府家园西一舍,湖北省武汉市新洲区汉施路,114.52447482639,30.714568956163,116,0027,42,115 116,特色商业街,8008642011714000000,阳逻街区,新洲区,0,0,0,0,2163
198,B2094452D264A6F9419F,武汉广场,湖北省武汉市新洲区汉施路,114.52705729167,30.710404730903,116,0027,42,115 116,特色商业街,8008642011714000000,阳逻街区,新洲区,0,0,0,0,2187
199,B2094451DA69A0F9429B,大学生活动中心,湖北省武汉市新洲区汉施路,114.5261843533,30.711287977431,45,0027,42,44 45,产业园区,8008642011714000000,阳逻街区,新洲区,1,1,1,0,2197
200,B2094451D46CA6F44393,武生院中园公寓,湖北省武汉市新洲区汉施路,114.52535970052,30.712576497396,52,0027,42,51 52,高等院校,8008642011714000000,阳逻街区,新洲区,1,1,1,0,2188
201,B2094452DA64A3F5449B,南斯拉夫后门广场,湖北省武汉市新洲区汉施路,114.52252522786,30.719242078993,628,0027,42,601 628,著名地点,,,,0,0,0,0,2195
202,B2094451D46CA6F4439B,武生院中园,湖北省武汉市新洲区汉施路,114.52535970052,30.712576497396,52,0027,42,51 52,高等院校,8008642011714000000,阳逻街区,新洲区,0,0,0,0,2188
203,B2094453DA6BA7F4479E,鸳鸯麻辣烫,武汉生物工程学院,114.52653,30.71151,86,0027,None,64 69 86,火锅店,,,,0,0,0,0,2156
204,B2094453DA6BA6FB489C,帝冠蛋糕(武生院店),新洲区武汉生物工程学院商业街,114.52416,30.71512,112,0027,None,64 112,糕饼店,,,,0,0,0,0,2167
205,B2094453DA6BA0F8409A,韩宫山,汉施公路生物工程学院商业街,114.526955,30.711811,86,0027,None,64 69 86,火锅店,,,,0,0,0,0,2103
206,B2094453DA6BA0FA419E,后街骨香砂锅麻辣烫,武汉生物工程学院,114.52653,30.71151,86,0027,None,64 69 86,火锅店,,,,0,0,0,0,2156
207,B2094453DA6BA7FA449D,LOL餐厅,武汉生物工程学院,114.52653,30.71151,68,0027,None,64 68,快餐厅,,,,0,0,0,0,2156
208,B2094453DA6AAAF9419C,滋味楼餐厅,武汉生物工程学院,114.52653,30.71151,68,0027,None,64 68,快餐厅,,,,0,0,0,0,2156
209,B2094453DA6AAAF9419D,炸片鸡团香鸡排,武汉生物工程学院,114.52653,30.71151,87,0027,None,64 69 87,特色／地方风味餐厅,,,,0,0,0,0,2156
210,B2094453DA6AAAF4419A,老兵烧烤麻辣烫,武汉生物工程学院,114.52653,30.71151,86,0027,None,64 69 86,火锅店,,,,0,0,0,0,2156
211,B2094453DA6BA3FD4292,万家坊,武汉生物工程学院,114.52653,30.71151,68,0027,None,64 68,快餐厅,,,,0,0,0,0,2156
212,B2094453DA6AABFD409B,黑白回忆餐厅,生物工程学院商业街2楼,114.52649,30.71149,68,0027,None,64 68,快餐厅,,,,0,0,0,0,2160
213,B2094453DA6AABF94498,冰淇淋主义者,武汉生物工程学院商业街116号,114.526436,30.71146,112,0027,None,64 112,糕饼店,,,,0,0,0,0,2166
214,B2094453DA6AABF94499,For U 西点饮品,新洲区武汉生物工程学院商业街,114.5242,30.7152,112,0027,None,64 112,糕饼店,,,,0,0,0,0,2160
215,B2094453DA6AABF9449E,点滴浆坊(武生院店),武汉生物工程学院商业街,114.526436,30.71146,112,0027,None,64 112,糕饼店,,,,0,0,0,0,2166
216,B2094453DA6AA5FF499E,尙品速味居黄焖鸡,武汉生物工程学院,114.52653,30.71151,68,0027,None,64 68,快餐厅,,,,0,0,0,0,2156
217,B2094453DA6AA4F94799,约会茶吧,武汉生物工程学院商业街C165,114.526436,30.71146,112,0027,None,64 112,糕饼店,,,,0,0,0,0,2166
218,B2094453DA6AA4F94792,蓝甜苦趣,武汉生物工程学院商业街2楼,114.526436,30.71146,112,0027,None,64 112,糕饼店,,,,0,0,0,0,2166
219,B2094453DA6AA4F9489B,含香子奶茶,武汉生物工程学院深蓝网吧对面,114.526436,30.71146,112,0027,None,64 112,糕饼店,,,,0,0,0,0,2166
220,B2094453DA6AA6F44392,童师傅大排档,武汉生物工程学院后街金诚食府对面,114.526436,30.71146,81,0027,None,64 69 81,湖北菜,,,,0,0,0,0,2166
221,B2094453DA6AA0F54293,学子之家,武汉生物工程学院,114.52653,30.71151,68,0027,None,64 68,快餐厅,,,,0,0,0,0,2156
222,B2094453DA6AA0F54399,橙橙美肴,武汉生物工程学院,114.52653,30.71151,68,0027,None,64 68,快餐厅,,,,0,0,0,0,2156
223,B2094453DA69AAFF479E,吉米家的烤肉,汉施公路生物学院校内商业街1楼,114.525925,30.712585,269,0027,None,64 269,烧烤,,,,0,0,0,0,2140
224,B2094453DA69ABFE459D,南海底小海鲜,生物工程学院新商业街,114.52424,30.71549,88,0027,None,64 69 88,海鲜酒楼,,,,0,0,0,0,2145
225,B2094453DA69ABFF419E,天天美食,生物工程学院,114.52569,30.71236,68,0027,None,64 68,快餐厅,,,,0,0,0,0,2172
226,B2094453DA69ABFF459E,洞庭石锅鱼,武汉生物工程学院,114.52653,30.71151,77,0027,None,64 69 77,湖南菜,,,,0,0,0,0,2156
227,B2094450D06EA0FC419A,武汉生物工程学院八号教学楼,湖北省 武汉市 武汉生物工程学院,114.52484,30.71446,253,0027,42,51 253,校园生活,8008642011714000000,阳逻街区,新洲区,2,2,1,0,2136
228,B2094450D769A0F84192,武汉生物工程学院钱学森广场,湖北省 武汉市 武汉生物工程学院,114.52724,30.71118,253,0027,42,51 253,校园生活,8008642011714000000,阳逻街区,新洲区,1,1,1,0,2121
229,B2094451DB64A5FF4293,武汉南方映画文化传媒,湖北省武汉市新洲区汉施路,114.526196,30.712495,259,0027,42,258 259,工厂,8008642011714000000,阳逻街区,新洲区,0,0,0,0,2123
230,B2094452D26EA4F5439E,232起点站,湖北省武汉市新洲区汉施路,114.55233262804,30.703789605035,627,0027,42,601 627,一般地点标志,8008642011714000000,阳逻街区,新洲区,0,0,0,0,2180
231,B2094452DA6AA4FE4999,西1109,湖北省武汉市新洲区汉施路,114.52902072483,30.708457573785,627,0027,42,601 627,一般地点标志,,,,0,0,0,0,2189
232,B2094757D565A0FA489C,武汉新港国际大酒店,余泊路特1号(近平江大道),114.55678,30.703801,251,0027,None,19 251,出行住宿,8008642011714000000,阳逻街区,新洲区,241,310,125,0,2348
233,B2094451D664A5FB4192,武汉生物工程学院,湖北省武汉市新洲区汉施路,114.52562635634,30.711899414063,52,0027,42,51 52,高等院校,8008642011714000000,阳逻街区,新洲区,7,7,7,0,2204
234,B2094451D56DA6FB4992,武汉生物工程学院,汉施公路,114.527828,30.708797,52,0027,42,51 52,高等院校,8008642011714000000,阳逻街区,新洲区,3,3,3,0,2245
235,B2094451D764A5FA459A,楚河汉界,湖北省武汉市武昌区,114.52270453559,30.715684678819,116,0027,42,115 116,特色商业街,8008642011714000000,阳逻街区,新洲区,0,0,0,0,2275
236,B2094451DB6CA0FD4498,武生院北园十舍,湖北省武汉市新洲区汉施路,114.522939,30.716873,52,0027,42,51 52,高等院校,8008642011714000000,阳逻街区,新洲区,1,1,0,0,2214
237,B2094451D469A3FB499D,中国私立土豪高校,湖北省武汉市新洲区汉施路,114.52481472439,30.71180609809,628,0027,42,601 628,著名地点,8008642011714000000,阳逻街区,新洲区,1,1,1,0,2276
238,B2094451D66AAAFD439D,武汉生物工程学院北园十舍,湖北省武汉市新洲区汉施路,114.52231065538,30.716602918837,52,0027,42,51 52,高等院校,8008642011714000000,阳逻街区,新洲区,0,0,0,0,2280
239,B2094451D668A0FE449D,武生院北园二舍,湖北省武汉市新洲区汉施路,114.52255208333,30.716162380642,52,0027,42,51 52,高等院校,8008642011714000000,阳逻街区,新洲区,1,1,0,0,2272
240,B2094453D36CA3FF489B,武汉生物工程学院一号教学楼东1101 9列 7排,湖北省武汉市新洲区汉施路1号,114.529017,30.707224,52,0027,42,51 52,高等院校,,,,1,1,1,0,2288
241,B2094453D36AA7F94299,武生院神户牛排,湖北省武汉市新洲区汉施路,114.52631673177,30.709885525174,256,0027,42,64 93 256,外国餐厅,,,,2,2,2,0,2278
242,B2094451DA6DABF5449B,茶多芬,湖北省武汉市新洲区汉施路,114.523335,30.714862,113,0027,42,64 113,冷饮店,8008642011714000000,阳逻街区,新洲区,1,1,1,0,2251
243,B209475CD364AAF4429B,亮亮特色烤鱼,新洲区阳逻镇武汉生物工程学院商业街2楼,114.527466,30.708874,269,0027,None,64 269,烧烤,8008642011714000000,阳逻街区,新洲区,0,0,0,0,2265
244,B209475CD365A1FC419B,笨山大叔火锅店,新洲区阳逻镇武汉生物工程学院商业街(近汉施公路),114.527466,30.708874,86,0027,None,64 69 86,火锅店,8008642011714000000,阳逻街区,新洲区,0,0,0,0,2265
245,B209475CD36AA6FA459E,哈尔滨东北饺子,新洲区阳逻镇武汉生物工程学院商业街2楼,114.52744,30.708866,87,0027,None,64 69 87,特色／地方风味餐厅,8008642011714000000,阳逻街区,新洲区,0,0,0,0,2268
246,B2094453DA6BA6FD4998,创业茶吧,汉施路1号,114.52744,30.708866,66,0027,None,64 66,茶艺馆,,,,0,0,0,0,2268
247,B2094453DA6BA6FF4299,锅加锅,生物工程学院商业街,114.52744,30.708866,86,0027,None,64 69 86,火锅店,,,,0,0,0,0,2268
248,B2094453DA6BA6F5469F,陈记爱情麻辣烫,生物工程学院后街,114.52739,30.70893,86,0027,None,64 69 86,火锅店,,,,0,0,0,0,2267
249,B2094453DA6AAAF94192,有间小店,生物工程学院,114.52739,30.70893,68,0027,None,64 68,快餐厅,,,,0,0,0,0,2267
250,B2094453DA6AAAF94193,胖子家常菜,生物工程学院商业街,114.52744,30.708866,68,0027,None,64 68,快餐厅,,,,0,0,0,0,2268
251,B2094453DA6BA3FF4193,优密茶饮,生物工程学院北十商业街,114.52739,30.70893,112,0027,None,64 112,糕饼店,,,,0,0,0,0,2267
252,B2094453DA6BA3F5429B,潮汕生滚靓粥,生物工程学院,114.52739,30.70893,87,0027,None,64 69 87,特色／地方风味餐厅,,,,0,0,0,0,2267
253,B2094453DA6AABFD4098,麦佳小客,生物工程学院,114.5274,30.70891,68,0027,None,64 68,快餐厅,,,,0,0,0,0,2267
254,B2094453DA6AABF44299,美味佳肴,生物工程学院后街,114.52744,30.708866,257,0027,None,64 69 257,中餐厅,,,,0,0,0,0,2268
255,B2094453DA6AABF4429E,冬日温暖,生物工程学院后街,114.52744,30.708866,257,0027,None,64 69 257,中餐厅,,,,0,0,0,0,2268
256,B2094453DA6AA5FF489D,福莱德汉堡,生物工程学院,114.52739,30.70893,68,0027,None,64 68,快餐厅,,,,0,0,0,0,2267
257,B2094453DA6AA5F94398,林记家常菜,阳逻镇武汉生物工程学院商业街,114.52744,30.708866,81,0027,None,64 69 81,湖北菜,,,,0,0,0,0,2268
258,B2094453DA6AA4F94798,老好人蛋糕(北十街店),北十商业街仟吉对面,114.52423,30.71393,112,0027,None,64 112,糕饼店,,,,0,0,0,0,2214
259,B2094453DA6AA4F9489E,馨饮煲仔甜品店,生物工程学院大门旁,114.52744,30.708866,112,0027,None,64 112,糕饼店,,,,0,0,0,0,2268
260,B2094453DA6AA5FC409C,金刚米线,生物工程学院商业街菜市场旁,114.52744,30.70887,87,0027,None,64 69 87,特色／地方风味餐厅,,,,0,0,0,0,2267
261,B2094453DA6AA0FA479A,开心老婆煲仔饭,生物工程学院,114.52739,30.70893,68,0027,None,64 68,快餐厅,,,,0,0,0,0,2267
262,B2094453DA6AA0FA4798,襄阳牛肉面馆,生物工程学院,114.52739,30.70893,68,0027,None,64 68,快餐厅,,,,0,0,0,0,2267
263,B2094453DA6AA0F44198,李二哥馅饼店,生物工程学院后街,114.52744,30.708866,90,0027,None,64 69 90,清真餐馆,,,,0,0,0,0,2268
264,B2094453DA6AA0F4489E,东北人烤肉拌饭,生物工程学院北十商业街,114.52739,30.70893,82,0027,None,64 69 82,东北菜,,,,0,0,0,0,2267
265,B2094453DA6AA0F5439A,十里香外卖(武生院店),生物工程学院后街,114.52744,30.708866,68,0027,None,64 68,快餐厅,,,,0,0,0,0,2268
266,B2094453DA6AA3FE459F,华莱士(生物学院店),生物工程学院商业街129号门面,114.52744,30.708866,68,0027,None,64 68,快餐厅,,,,0,0,0,0,2268
267,B2094453DA6AA3FF4598,仙桃人家,生物工程学院,114.52739,30.70893,257,0027,None,64 69 257,中餐厅,,,,0,0,0,0,2267
268,B2094453DA69ABFE459A,慢思烤(韩国主题餐厅),武生院西区商业街,114.52267,30.715382,96,0027,None,64 93 96,韩国料理,,,,0,0,0,0,2290
269,B2094453DA69ABFF4293,羊派烧烤,阳逻开发区武汉生物工程学院对面,114.52744,30.708866,269,0027,None,64 269,烧烤,,,,0,0,0,0,2268
270,B2094453DA69ABFF449A,寻煲记,生物工程学院商业街2楼,114.52744,30.70887,72,0027,None,64 69 72,广东菜,,,,0,0,0,0,2267
271,B2094453DA69ABFF4592,22号湘菜馆,生物工程学院西区商业街,114.52739,30.70893,77,0027,None,64 69 77,湖南菜,,,,0,0,0,0,2267
272,B2094452DA6AA2FE429A,初遇时光西餐厅,湖北省武汉市新洲区汉施路,114.52206705729,30.717213270399,247,0027,42,64 247,餐饮美食,,,,0,0,0,0,2285
273,B2094453D46DA2FF469D,胜天农庄,湖北省武汉市黄陂区,114.52297797309,30.715884874132,170,0027,42,169 170,KTV,,,,1,1,1,0,2243
274,B2094451D769A2F8479D,武汉国际安慰有限责任公司,湖北省武汉市新洲区汉施路,114.52482720269,30.711995985243,603,0027,42,169 603,夜店,8008642011714000000,阳逻街区,新洲区,1,1,1,0,2264
275,B2094457D16BA2FF4592,欢乐谷,湖北省 武汉市 wih,114.52229,30.71685,250,0027,42,194 250,公园户外,8008642011714000000,阳逻街区,新洲区,2,2,1,0,2274
276,B209445CD76EA4F8499D,武汉生物工程学院生化实验楼,湖北省武汉市新洲区汉施路,114.527818,30.708841,253,0027,42,51 253,校园生活,,,,1,1,0,0,2243
277,B209445CD76BA2F54799,传说中的425,湖北省武汉市新洲区汉施路,114.52292073568,30.715923936632,253,0027,42,51 253,校园生活,,,,0,0,0,0,2247
278,B2094452D36BA1FA4092,北园二舍,湖北省武汉市新洲区汉施路,114.5223586697,30.716389973958,627,0027,42,601 627,一般地点标志,8008642011714000000,阳逻街区,新洲区,1,1,1,0,2283
279,B2094453D26FA3FB4198,春风村,湖北省武汉市新洲区汉施路,114.52238552517,30.716375054253,627,0027,42,601 627,一般地点标志,,,,0,0,0,0,2281
280,B2094450D06CA7FC419C,晨光体育场,湖北省 武汉市 武汉生物工程学院,114.5262,30.71094,251,0027,42,19 251,出行住宿,8008642011714000000,阳逻街区,新洲区,5,7,2,0,2218
281,B2094451D468A7FF419B,bilibalabilabala,湖北省武汉市新洲区汉施路,114.52314046224,30.715458984375,627,0027,42,601 627,一般地点标志,8008642011714000000,阳逻街区,新洲区,0,0,0,0,2245
282,B2094655D46CA7F4459A,武汉生物城,,114.52651,30.70879,248,0027,None,169 248,生活娱乐,8008642011714000000,阳逻街区,新洲区,46,66,41,0,2340
283,B209475CD564ABFC4898,武汉生物工程学院北园一舍,湖北省 武汉市 武汉生物工程学院北园一舍,114.523155,30.713859,500,0027,42,500,未知分类,8008642011714000000,阳逻街区,新洲区,35,101,41,0,2311
284,B2094655D46CA7F4459B,楚风酒楼,,114.52668,30.70799,70,0027,None,64 69 70,综合酒楼,8008642011714000000,阳逻街区,新洲区,6,8,2,0,2387
285,B2094451DA68A0F4429C,四季园,湖北省武汉市阳逻经济开发区汉施公路1号武汉生物工程学院,114.522853,30.712642,52,0027,42,51 52,高等院校,8008642011714000000,阳逻街区,新洲区,1,1,1,0,2395
286,B2094451D568A7F5469B,武汉生于工程学院 学子A南,湖北省武汉市新洲区汉施路,114.52249701606,30.713312717014,52,0027,42,51 52,高等院校,8008642011714000000,阳逻街区,新洲区,1,1,0,0,2393
287,B2094452D36CA1FD4699,慢思考,湖北省武汉市新洲区汉施路,114.52187147352,30.716271430122,256,0027,42,64 93 256,外国餐厅,8008642011714000000,阳逻街区,新洲区,1,1,1,0,2331
288,B2094453DA6BA7FE429E,韩国铁板炒饭,生物工程学院商业街,114.527336,30.708492,68,0027,None,64 68,快餐厅,,,,0,0,0,0,2303
289,B2094453DA69ABFF449B,朋友家茶餐厅,生物工程学院正门旁,114.52619,30.708529,68,0027,None,64 68,快餐厅,,,,0,0,0,0,2383
290,B2094453D26BABFC469C,慢思烤韩国主题餐厅,湖北省武汉市新洲区汉施路,114.522061,30.715063,111,0027,42,64 111,休闲餐饮场所,,,,0,0,0,0,2357
291,B2094452D568A1FC439F,山道健身,湖北省武汉市新洲区汉施路,114.52693440755,30.708851996528,170,0027,42,169 170,KTV,8008642011714000000,阳逻街区,新洲区,0,0,0,0,2305
292,B2094452D26CA7FF4398,苏州市万达广场,苏州市平江区万达广场C座,114.52490505642,30.71069390191,265,0027,42,258 265,知名企业,8008642011714000000,阳逻街区,新洲区,0,0,0,0,2335
293,B2094451D56DA6FC499E,建筑工程学院,湖北省武汉市新洲区汉施路,114.52228379991,30.715632052951,252,0027,42,44 252,楼宇机构,8008642011714000000,阳逻街区,新洲区,1,1,1,0,2315
294,B2094450D76BA6F4459D,武汉南方映画影像工作室,武汉市新洲区汉施大道一号武汉生物工程学院八号楼8209,114.52783,30.70757,263,0027,42,258 263,公司,8008642011714000000,阳逻街区,新洲区,3,6,6,0,2339
295,B2094451DB6EA4F4489A,万里长城永不倒,湖北省武汉市某某某地区,114.52649793837,30.708532172309,248,0027,42,169 248,生活娱乐,8008642011714000000,阳逻街区,新洲区,0,0,0,0,2360
296,B2094452D364AAF9429D,新堤村,湖北省武汉市新洲区汉施路,114.524462,30.734416,627,0027,42,601 627,一般地点标志,8008642011714000000,阳逻街区,新洲区,1,1,1,0,2392
297,B2094451D56BA7FF419C,兆南庄园,湖北省武汉市新洲区汉施路,114.52276991102,30.713594563802,627,0027,42,601 627,一般地点标志,8008642011714000000,阳逻街区,新洲区,1,1,1,0,2356
298,B2094450D468A1FB419D,湖北武汉,湖北省 武汉市 湖北武昌区,114.52264,30.71112,247,0027,42,64 247,餐饮美食,8008642011714000000,阳逻街区,新洲区,5,6,3,2,2494
299,B2094451D764A6FB4799,仟吉,湖北省武汉市新洲区汉施路,114.52210232205,30.713243001302,67,0027,42,64 67,甜品店,8008642011714000000,阳逻街区,新洲区,0,0,0,0,2431
300,B2094453DA6BA6FF4198,非常实惠,生物工程学院后街,114.52637,30.707956,68,0027,None,64 68,快餐厅,,,,0,0,0,0,2412
301,B2094453DA6BA7FE429C,星港食铺,生物工程学院正门右侧30米,114.5259,30.708563,87,0027,None,64 69 87,特色／地方风味餐厅,,,,0,0,0,0,2401
302,B2094453DA6BA3F8419B,味美馨,生物工程学院后街,114.52637,30.707956,68,0027,None,64 68,快餐厅,,,,0,0,0,0,2412
303,B2094453DA6AABFD4093,老王快餐,生物工程学院后街,114.52637,30.707956,68,0027,None,64 68,快餐厅,,,,0,0,0,0,2412
304,B2094453DA6AABFD439C,回味饭馆,汉施路,114.52544,30.708315,81,0027,None,64 69 81,湖北菜,,,,0,0,0,0,2453
305,B2094453DA6AABFD449A,迪新酒楼,金迪新大酒店西500米,114.5251,30.708517,81,0027,None,64 69 81,湖北菜,,,,0,0,0,0,2464
306,B2094453DA6AA5FF499B,胡高真功夫,生物工程学院正门黄色大楼2楼电梯旁,114.5255,30.70898,68,0027,None,64 68,快餐厅,,,,0,0,0,0,2402
307,B2094451D16AA2FB4898,平江壹号,湖北省武汉市新洲区平江大道,114.553329,30.701647,47,0027,42,44 47,住宅区,8008642011714000000,阳逻街区,新洲区,0,0,0,0,2437
