1,B2094453D269A5FB4992,湖北省武汉市新洲区金台,湖北省武汉市新洲区汉施路,114.6111968316,30.713216959635,627,0027,42,601 627,一般地点标志,,,,0,0,0,0,1152
2,B2094453D268A5F44498,武汉市新洲区金台,湖北省武汉市新洲区汉施路,114.6111968316,30.713216959635,627,0027,42,601 627,一般地点标志,,,,1,1,0,0,1152
3,B2094453D764A1FF4293,七架山,湖北省武汉市新洲区汉施路,114.60545193142,30.710111490885,603,0027,42,169 603,夜店,,,,0,0,0,0,1366
4,B2094453D764A0FF4398,七架山村,湖北省武汉市新洲区汉施路,114.60546766493,30.710214301215,148,0027,42,19 148,美容美发店,,,,0,0,0,0,1354
5,B2094452D169A5FF469B,朱家湾,湖北省武汉市新洲区G70福银高速,114.592035,30.724691,627,0027,42,601 627,一般地点标志,8008642011714000000,阳逻街区,新洲区,0,0,0,0,1323
6,B2094451DB69A3F8429A,p盘龙城,湖北省武汉市新洲区109省道,114.59366210938,30.715164388021,627,0027,42,601 627,一般地点标志,8008642011714000000,阳逻街区,新洲区,0,0,0,0,1397
7,B2094452DA69AAFA4293,阳逻考场,湖北省武汉市新洲区109省道,114.59369004991,30.714511990017,627,0027,42,601 627,一般地点标志,,,,0,0,0,0,1437
8,B2094451D365A6FA4692,武汉文腾集团有限公司,湖北省武汉市新洲区109省道,114.60065646701,30.735671657986,637,0027,42,258 637,房地产类公司,8008642011714000000,阳逻街区,新洲区,1,1,1,0,1553
9,B2094451D769A2FB4699,阳逻邱家土库湾,湖北省武汉市新洲区,114.62191053602,30.727048339844,627,0027,42,601 627,一般地点标志,8008642011714000000,阳逻街区,新洲区,0,0,0,0,1645
10,B2094655D46CA7F54493,金台鱼园,,114.62162,30.71358,257,0027,None,64 69 257,中餐厅,8008642011714000000,阳逻街区,新洲区,11,19,10,2,1819
11,B2094655D46CA7F54492,金台中学,,114.62409,30.71359,55,0027,None,51 55,中学,8008642011714000000,阳逻街区,新洲区,22,27,11,0,2022
12,B2094452D26EA4F5499A,邱栗村,湖北省武汉市新洲区G70福银高速,114.59166124132,30.736822102865,627,0027,42,601 627,一般地点标志,8008642011714000000,阳逻街区,新洲区,2,2,2,0,2089
13,B2094451DB69ABFE429B,奶牛村,湖北省武汉市新洲区G70福银高速,114.58426622179,30.72173828125,627,0027,42,601 627,一般地点标志,8008642011714000000,阳逻街区,新洲区,0,0,0,0,2043
14,B2094452D169A5FF419D,湖北省武汉市新洲区阳逻街余岗村朱家湾,湖北省武汉市新洲区G70福银高速,114.58500732422,30.730083821615,627,0027,42,601 627,一般地点标志,8008642011714000000,阳逻街区,新洲区,1,1,0,0,2149
15,B2094452DB6DA6F8499A,武汉京东亚一园区,湖北省武汉市新洲区G70福银高速,114.59701117622,30.741544596354,265,0027,42,258 265,知名企业,,,,2,2,2,0,2286
16,B2094453DA6AA3FE409B,简朴寨(新洲店),新洲区邾城,114.62711,30.71243,87,0027,None,64 69 87,特色／地方风味餐厅,,,,0,0,0,0,2338
