1,B2094453DA69A4FB4499,卖当劳,后湖二村淌湖五路,114.25154,30.74862,94,0027,None,64 93 94,西餐厅,,,,0,0,0,0,708
2,B2094453DA6AA5FF4693,法罗素食,黄鹤楼市三医院侧门九龙正街5号,114.25781,30.751278,89,0027,None,64 69 89,中式素餐馆,,,,0,0,0,0,1159
3,B2094655D56CA2FF4598,后湖大桥,,114.24894,30.76393,250,0027,None,194 250,公园户外,8008642011609000000,天河街区,黄陂区,14,14,6,0,1293
4,B2094655D56CA2FE489D,盘龙城收费站,,114.23266,30.74417,267,0027,None,19 267,收费站,8008642011612000000,盘龙城经济开发区,黄陂区,20,19,4,0,1571
5,B2094655D46CA7F94298,水岸鱼香,盘龙大道,114.26286,30.7539,81,0027,None,64 69 81,湖北菜,8008642011609000000,天河街区,黄陂区,4,5,3,0,1638
6,B2094453DA6AA6F4499C,后湖人家,盘龙大道,114.262764,30.754158,81,0027,None,64 69 81,湖北菜,,,,0,0,0,0,1632
7,B2094757DA6AA5F54993,百联奥特莱斯,近郊黄陂区盘龙大道51号(近汉口湖畔),114.255598,30.739201,249,0027,None,115 249,购物服务,8008642011617000000,横店街区,黄陂区,184,205,97,0,1765
8,B2094453D369A4FA4298,这地,湖北省武汉市黄陂区宋岗路,114.24156304253,30.738727756076,627,0027,42,601 627,一般地点标志,,,,2,4,3,0,1600
9,B2094453DA6AA5FE4092,公胜野生甲鱼,盘龙大道,114.26417,30.755651,87,0027,None,64 69 87,特色／地方风味餐厅,,,,0,0,0,0,1789
10,B2094453DA69ABFD459D,嘎巴子烧烤,宋岗三路M区,114.24019,30.73733,269,0027,None,64 269,烧烤,,,,0,0,0,0,1786
11,B209475DD768A3FA409A,龙屿,盘龙城开发区盘龙大道奥特莱斯广场斜对面(经盘龙大道过后湖大桥直行800米右转即到),114.262962,30.748327,47,0027,None,44 47,住宅区,8008642011617000000,横店街区,黄陂区,0,0,0,0,1710
12,B2094453DA6BA6FD4692,六六八餐厅,佳海环行路618号,114.238846,30.735775,81,0027,None,64 69 81,湖北菜,,,,0,0,0,0,1991
13,B2094453DA6BA6FA4693,大别山庄,宋岗路,114.2427,30.73529,81,0027,None,64 69 81,湖北菜,,,,0,0,0,0,1953
14,B2094453DA6BA6FB4599,天天食府,佳海工业园M区13-1号,114.24047,30.73591,81,0027,None,64 69 81,湖北菜,,,,0,0,0,0,1930
15,B2094453DA6BA0FF4299,口留香私房菜,盘龙佳海轻纺城环行路H区,114.2428,30.73532,257,0027,None,64 69 257,中餐厅,,,,0,0,0,0,1948
16,B2094453DA6BA7FC459A,园中缘过桥米线,宋岗路m13-1号,114.24051,30.73603,87,0027,None,64 69 87,特色／地方风味餐厅,,,,0,0,0,0,1916
17,B2094453DA6BA2F8489E,小四川农家菜,宋岗路,114.243324,30.73518,71,0027,None,64 69 71,四川菜,,,,0,0,0,0,1957
18,B2094453DA6AAAF84399,快7美食,盘龙城宋岗三路佳海工业园H区117幢10-12号,114.245186,30.735502,68,0027,None,64 68,快餐厅,,,,0,0,0,0,1908
19,B2094453DA6AA5FE419C,松滋宴,宋岗路,114.2413,30.735834,81,0027,None,64 69 81,湖北菜,,,,0,0,0,0,1919
20,B2094453DA6AA5FE419D,桥咀人家,盘龙大道桥咀村,114.26527,30.756594,81,0027,None,64 69 81,湖北菜,,,,0,0,0,0,1914
21,B2094453DA6AA0FC419B,湘楚风味美食小吃城,宋岗路,114.239044,30.73627,68,0027,None,64 68,快餐厅,,,,0,0,0,0,1932
22,B2094453DA69ABFC4698,惠欣源黄焖鸡米饭,盘龙城佳海工业园环形路金大仓斜对面,114.24238,30.73573,73,0027,None,64 69 73,山东菜,,,,0,0,0,0,1910
23,B2094453DA69A1FE4298,肯德香(宋岗路店),宋岗路,114.241295,30.735735,68,0027,None,64 68,快餐厅,,,,0,0,0,0,1929
24,B2094453DA6BA6FD479E,仙洪餐馆,佳海环行路590号,114.23837,30.735378,81,0027,None,64 69 81,湖北菜,,,,0,0,0,0,2048
25,B2094453DA6BA6FE479C,土家铁板烧,盘龙城佳海工业园7天连锁对面,114.24332,30.73441,81,0027,None,64 69 81,湖北菜,,,,0,0,0,0,2042
26,B2094453DA6BA6FA4799,会洪土菜馆,宋岗路,114.23982,30.735329,87,0027,None,64 69 87,特色／地方风味餐厅,,,,0,0,0,0,2009
27,B2094453DA6BA0FC4199,实惠餐馆,佳海环行路576号,114.23819,30.735254,81,0027,None,64 69 81,湖北菜,,,,0,0,0,0,2067
28,B2094453DA6AA7FA429C,聚朋酒楼,佳海环行路459号,114.23816,30.735527,81,0027,None,64 69 81,湖北菜,,,,0,0,0,0,2039
29,B2094453DA6AA7FA4293,心怡菜馆,佳海环行路578号,114.23825,30.735277,81,0027,None,64 69 81,湖北菜,,,,0,0,0,0,2062
30,B2094453DA69AAFF4493,哈尔滨饺子馆,佳海环行路453号,114.23803,30.735426,87,0027,None,64 69 87,特色／地方风味餐厅,,,,0,0,0,0,2054
31,B2094453DA69ABFC439C,韩式纸上烤肉馆,佳海都市工业园n区21-3号,114.24243,30.734158,96,0027,None,64 93 96,韩国料理,,,,0,0,0,0,2081
32,B2094453DA69ABFC4392,佳海韩式烤肉,盘龙城佳海都市工业园N区21-3,114.24232,30.73432,96,0027,None,64 93 96,韩国料理,,,,0,0,0,0,2065
33,B2094453DA69ABFD409F,橱娘味道生活菜馆,宋岗路M2栋101,114.23978,30.73513,71,0027,None,64 69 71,四川菜,,,,0,0,0,0,2031
34,B2094453DA69ABFD439A,康二姐特色冷热锅串串(黄陂店),盘龙城宋岗三路N区,114.24325,30.7345,86,0027,None,64 69 86,火锅店,,,,0,0,0,0,2033
35,B2094453DA69ABFD439E,壹品吊锅,武汉市黄陂区盘龙城佳海都市工业园宋岗路m2-105号,114.23969,30.73513,86,0027,None,64 69 86,火锅店,,,,0,0,0,0,2034
36,B2094453D265A5F44693,湖北省盘龙城经济开发区F学府,湖北省盘龙城经济开发区F学府,114.24958089193,30.73488688151,47,0027,42,44 47,住宅区,,,,1,1,1,0,2008
37,B2094655D56CA2FF409C,后湖大桥,,114.25992,30.738,250,0027,None,194 250,公园户外,8008642011617000000,横店街区,黄陂区,42,46,4,0,2116
38,B209445CD668A2FC449A,力天超市,湖北省武汉市黄陂区宋岗路,114.24084228516,30.733750813802,119,0027,42,115 119,商场,,,,1,1,1,0,2154
39,B2094453DA6AAAF8429C,派乐汉堡(佳海环形路店),宋岗路,114.23787,30.734806,68,0027,None,64 68,快餐厅,,,,0,0,0,0,2124
40,B2094750DA65A7F84298,百联奥特莱斯,盘龙城,114.256195,30.735301,249,0027,None,115 249,购物服务,8008642011617000000,横店街区,黄陂区,3,3,1,0,2170
41,B2094451D769A7F4459E,武汉植物园,湖北省武汉市黄陂区绿羽一路,114.23629747179,30.734662000868,627,0027,42,601 627,一般地点标志,8008642011612000000,盘龙城经济开发区,黄陂区,1,1,1,0,2197
42,B2094750D769A4FC4192,COSTACOFFEE(奥特莱斯店),黄陂区盘龙大道51号百联奥特莱斯广场C区157、271号(近奥特莱斯公交总站),114.255,30.7321,269,0027,None,64 269,烧烤,8008642011612000000,盘龙城经济开发区,黄陂区,1728,2249,1290,320,2449
43,B2094757D565A5F4459B,黄陂一中盘龙校区,中国湖北省武汉市-黄陂区宋岗二路,114.2474604,30.73234755,55,0027,None,51 55,中学,8008642011612000000,盘龙城经济开发区,黄陂区,74,160,77,0,2263
44,B2094757DB6DA3FB479B,奥特莱斯,武汉黄陂区,114.25166898,30.73161554,249,0027,None,115 249,购物服务,8008642011612000000,盘龙城经济开发区,黄陂区,1306,1733,1136,0,2406
45,B2094757D46FA4F54893,大丈夫的小厨房,近郊黄陂区盘龙城宋岗三路,114.23966,30.73305,81,0027,None,64 69 81,湖北菜,8008642011612000000,盘龙城经济开发区,黄陂区,14,16,6,1,2257
46,B209475DD169A1FA4398,武汉天河机场,湖北省 武汉市 武汉市,114.267692,30.744781,500,0027,42,500,未知分类,8008642011617000000,横店街区,黄陂区,23,23,13,0,2269
47,B2094452DB6DA2F4499F,国伟服装研究所黄陂分所,湖北省武汉市黄陂区宋岗二路,114.24441731771,30.732504340278,52,0027,42,51 52,高等院校,,,,1,1,1,0,2244
48,B2094453DA6BA6F94299,起义门回民烧烤,佳海工业园宋岗三路L80-5号,114.23966,30.73333,269,0027,None,64 269,烧烤,,,,0,0,0,0,2227
49,B2094453DA6BA6FA479C,卧龙岗酒家,宋岗三路,114.23972,30.733383,81,0027,None,64 69 81,湖北菜,,,,0,0,0,0,2220
50,B2094453DA6BA6FB4498,志勇农庄,川龙大道,114.25231,30.77189,87,0027,None,64 69 87,特色／地方风味餐厅,,,,0,0,0,0,2233
51,B2094453DA6BA6FB449C,美如家饭店,佳海环行路108号,114.243034,30.73293,81,0027,None,64 69 81,湖北菜,,,,0,0,0,0,2209
52,B2094453DA6BA6F5459C,万象渝家美食馆,佳海环行路470号,114.23734,30.733442,71,0027,None,64 69 71,四川菜,,,,0,0,0,0,2284
53,B2094453DA6BA5F8429D,昭木烤全羊,川龙大道537号附2,114.26904,30.749666,81,0027,None,64 69 81,湖北菜,,,,0,0,0,0,2248
54,B2094453DA6BA2FE489D,福-合口味私房菜,宋岗路N区农业银行隔壁,114.24086,30.73262,71,0027,None,64 69 71,四川菜,,,,0,0,0,0,2277
55,B2094453DA6BA3FF4198,建建酒楼,佳海环行路116号,114.243,30.732815,81,0027,None,64 69 81,湖北菜,,,,0,0,0,0,2222
56,B2094453DA6AA7FA439A,瑞龙酒轩,横二路,114.238686,30.732964,81,0027,None,64 69 81,湖北菜,,,,0,0,0,0,2293
57,B2094750D768AAF4449A,必胜客(奥特莱斯店),近郊黄陂区盘龙城盘龙大道51号百联奥特莱斯D区(近奥特莱斯公交总站),114.255,30.7319,68,0027,None,64 68,快餐厅,8008642011612000000,盘龙城经济开发区,黄陂区,314,358,129,77,2470
58,B2094751D56EA0F5459A,COSTA COFFEE(奥特莱斯店),近郊黄陂区盘龙大道51号百联奥特莱斯广场C区157、271号(近奥特莱斯公交总站),114.252288,30.732334,247,0027,None,64 247,餐饮美食,8008642011612000000,盘龙城经济开发区,黄陂区,15,15,7,1,2343
59,B2094750D569A3FB449C,宏宇未来海岸,盘龙城文化风景区内后湖桥头,114.26952,30.748781,74,0027,None,64 69 74,江苏菜,8008642011617000000,横店街区,黄陂区,3,3,4,0,2309
60,B209475CD36BA1FB429F,张家湾酒楼,宋岗路19号,114.24099,30.731535,81,0027,None,64 69 81,湖北菜,8008642011612000000,盘龙城经济开发区,黄陂区,0,0,0,0,2393
61,B2094453DA6BA7FB4892,盘龙家常菜,宋岗三路19号,114.23808,30.732704,81,0027,None,64 69 81,湖北菜,,,,0,0,0,0,2338
62,B2094453DA6BA6FD449A,裕丰蛋糕坊,佳海环行路335号,114.237144,30.733023,112,0027,None,64 112,糕饼店,,,,0,0,0,0,2334
63,B2094453DA6BA6FE4192,恒盛酒楼,宋岗三路58号,114.23859,30.732521,81,0027,None,64 69 81,湖北菜,,,,0,0,0,0,2342
64,B2094453DA6BA6FE429F,仙桃之家,宋岗三路46号,114.238106,30.73242,81,0027,None,64 69 81,湖北菜,,,,0,0,0,0,2367
65,B2094453DA6BA6FB4598,味福私坊,宋岗二路F学府A3-19,114.24773,30.731949,81,0027,None,64 69 81,湖北菜,,,,0,0,0,0,2310
66,B2094453DA6BA6FB489B,黄花涝渔庄,宋岗三路21号,114.23818,30.732729,88,0027,None,64 69 88,海鲜酒楼,,,,0,0,0,0,2332
67,B2094453DA6BA0FD439D,富贵石锅鱼,宋岗路19号,114.24103,30.73159,86,0027,None,64 69 86,火锅店,,,,0,0,0,0,2386
68,B2094453DA6BA0FD4392,快乐小厨,盘龙城佳海工业园N区19号8号,114.24388,30.731256,86,0027,None,64 69 86,火锅店,,,,0,0,0,0,2386
69,B2094453DA6BA2F84899,小四川酒楼(宋岗三路店),宋岗三路9号,114.23772,30.732567,71,0027,None,64 69 71,四川菜,,,,0,0,0,0,2363
70,B2094453DA6BA2FA4498,比德堡汉堡,佳海工业园e区70—10,114.24391,30.73128,68,0027,None,64 68,快餐厅,,,,0,0,0,0,2384
71,B2094453DA6BA1FD489C,皇家蛋糕,佳海环形路556号菜场斜对面,114.24275,30.73177,112,0027,None,64 112,糕饼店,,,,0,0,0,0,2340
72,B2094453DA6BA1FF439B,鼎香居,佳海环行路206号,114.24215,30.731604,81,0027,None,64 69 81,湖北菜,,,,0,0,0,0,2367
73,B2094453DA6BA1FF4398,鸿饱食,佳海环形路,114.2427,30.73188,81,0027,None,64 69 81,湖北菜,,,,0,0,0,0,2329
74,B2094453DA6BA1FF4399,小石灶土菜馆,佳海环行路220号,114.241776,30.731396,81,0027,None,64 69 81,湖北菜,,,,0,0,0,0,2395
75,B2094453DA6BA1FA489D,菜根香餐厅,佳海环行路456号,114.23733,30.733236,68,0027,None,64 68,快餐厅,,,,0,0,0,0,2306
76,B2094453DA6BA3FF4199,沔洪酒楼,宋岗三路15号,114.237976,30.73267,81,0027,None,64 69 81,湖北菜,,,,0,0,0,0,2345
77,B2094453DA6AA7FA429D,0728农家风味,宋岗三路11号,114.23783,30.732624,81,0027,None,64 69 81,湖北菜,,,,0,0,0,0,2354
78,B2094453DA6AA6F54399,佳豪蛋糕,佳海工业园7巷,114.23787,30.7323,112,0027,None,64 112,糕饼店,,,,0,0,0,0,2387
79,B2094453D36EA0F4479D,中国联通,湖北省武汉市黄陂区宋岗三路,114.23728841146,30.73307156033,627,0027,42,601 627,一般地点标志,,,,1,1,1,0,2325
80,B2094451DA65A2F5419C,中国联通,湖北省武汉市黄陂区宋岗三路,114.23726860894,30.733100585937,636,0027,42,258 636,通讯及服务类公司,8008642011612000000,盘龙城经济开发区,黄陂区,1,1,0,0,2322
81,B2094750D769ABF54999,爱茜茜里,近郊黄陂区盘龙大道51号奥特莱斯B区042号,114.255,30.7318,67,0027,None,64 67,甜品店,8008642011612000000,盘龙城经济开发区,黄陂区,1,1,1,1,2480
82,B2094451DB64A5FA489D,世纪华联购物中心,湖北省武汉市黄陂区宋岗三路,114.23787353516,30.731789822049,116,0027,42,115 116,特色商业街,8008642011612000000,盘龙城经济开发区,黄陂区,1,2,2,0,2441
83,B2094750D569A0F8429B,佳海歌林花园,黄陂区盘龙城经济开发区管委会对面,114.238586,30.731507,47,0027,None,44 47,住宅区,8008642011612000000,盘龙城经济开发区,黄陂区,1,1,0,0,2451
84,B2094655D46CA7FA4399,中国电信盘龙城佳海合作营业厅,,114.23786,30.73151,151,0027,None,19 151,电讯营业厅,8008642011612000000,盘龙城经济开发区,黄陂区,2,2,0,0,2471
85,B209475CD36DA6FF489B,聚福餐厅,盘龙城开发区佳海轻纺城D60-9号(步行街路东),114.23972596,30.7308619,81,0027,None,64 69 81,湖北菜,8008642011612000000,盘龙城经济开发区,黄陂区,0,0,0,0,2492
86,B2094453DA6BA7F4429E,喜相逢,银纤一路,114.23868,30.73125,68,0027,None,64 68,快餐厅,,,,0,0,0,0,2476
87,B2094453DA6BA6FE429E,小花源餐厅,宋岗路11号,114.24116,30.731215,81,0027,None,64 69 81,湖北菜,,,,0,0,0,0,2425
88,B2094453DA6BA6FE4499,梅花王蛋糕(盘龙明星店),佳海盘龙广场旁环形街K2-11号,114.23834,30.731424,112,0027,None,64 112,糕饼店,,,,0,0,0,0,2466
89,B2094453DA6BA5FC479E,诗雨蛋糕,佳海步行二街158号,114.23926,30.731262,112,0027,None,64 112,糕饼店,,,,0,0,0,0,2460
90,B2094453DA6BA5F8429C,仙桃大排档,佳海环行路153号,114.24139,30.73089,81,0027,None,64 69 81,湖北菜,,,,0,0,0,0,2457
91,B2094453DA6BA7FA4199,食家庄,佳海环行路181号,114.240555,30.730742,81,0027,None,64 69 81,湖北菜,,,,0,0,0,0,2488
92,B2094453DA6BA2FD449E,重庆鸡公煲,佳海环行路232号,114.24167,30.731337,86,0027,None,64 69 86,火锅店,,,,0,0,0,0,2403
93,B2094453DA6BA2F8489F,老重庆口味馆,佳海环行路131号,114.24234,30.731237,71,0027,None,64 69 71,四川菜,,,,0,0,0,0,2404
94,B2094453DA6BA2F84893,老地方川菜馆,银纤一路,114.238174,30.731365,71,0027,None,64 69 71,四川菜,,,,0,0,0,0,2477
95,B2094453DA6BA1FF439F,青松酒家,佳海环行路159号,114.24117,30.730896,81,0027,None,64 69 81,湖北菜,,,,0,0,0,0,2460
96,B2094453DA6BA3FA4692,华旺阁酒楼,宋岗二路,114.24593,30.730675,81,0027,None,64 69 81,湖北菜,,,,0,0,0,0,2444
97,B2094453DA6AAAFD479E,梅花王蛋糕(佳海明星店),佳海环行街K2-11号,114.23846,30.73138,112,0027,None,64 112,糕饼店,,,,0,0,0,0,2468
98,B2094453DA69ABFC449E,喜客来酒轩鲜鱼庄,佳海环行路238号,114.24166,30.731136,88,0027,None,64 69 88,海鲜酒楼,,,,0,0,0,0,2425
99,B2094453DA69ABFC4893,辣妹子湘菜馆,宋岗路,114.2405,30.730938,77,0027,None,64 69 77,湖南菜,,,,0,0,0,0,2467
100,B2094451D46CA3FC439F,湖北省武汉市黄陂区普罗旺斯花园酒店,湖北省武汉市黄陂区宋岗三路,114.237361,30.731977,216,0027,42,19 216,经济型连锁酒店,8008642011612000000,盘龙城经济开发区,黄陂区,2,2,1,0,2437
