1,B2094655D46CA7F9439B,毕铺中学,,114.60689,30.75487,55,0027,None,51 55,中学,8008642011702000000,仓埠街区,新洲区,7,10,2,0,338
2,B2094450D768AAFB4292,印度菜菜 添加分店,群光广场8楼,114.60937,30.75127,247,0027,None,64 247,餐饮美食,8008642011702000000,仓埠街区,新洲区,0,0,0,0,371
3,B2094451DA6EA3FD4493,109国道,湖北省武汉市新洲区109省道,114.60474745009,30.747446831597,627,0027,42,601 627,一般地点标志,8008642011702000000,仓埠街区,新洲区,0,0,0,0,518
4,B2094453D36FABFD459A,武汉市新洲区阳逻经济开发区京东大道亚洲一号仓,湖北省武汉市新洲区G70福银高速,114.59895019531,30.763944769965,259,0027,42,258 259,工厂,,,,5,5,0,0,1470
5,B2094452DB6DA6F8499A,武汉京东亚一园区,湖北省武汉市新洲区G70福银高速,114.59701117622,30.741544596354,265,0027,42,258 265,知名企业,,,,2,2,2,0,1428
6,B2094451D365A6FA4692,武汉文腾集团有限公司,湖北省武汉市新洲区109省道,114.60065646701,30.735671657986,637,0027,42,258 637,房地产类公司,8008642011714000000,阳逻街区,新洲区,1,1,1,0,1883
7,B209445CD66BA7FD4193,京东亚洲一号,湖北省武汉市新洲区G70福银高速,114.5862616645,30.74645968967,259,0027,42,258 259,工厂,,,,1,1,0,0,1952
8,B2094453DA6BA6F9439C,土灶煨汤馆,一零九省道旁,114.61254,30.769882,650,0027,None,64 69 650,江西菜,,,,0,0,0,0,2094
9,B2094452D26EA4F5499A,邱栗村,湖北省武汉市新洲区G70福银高速,114.59166124132,30.736822102865,627,0027,42,601 627,一般地点标志,8008642011714000000,阳逻街区,新洲区,2,2,2,0,2156
10,B2094452D26EA1FC4893,洪湖市第一中学,湖北省荆州市洪湖市文泉东路,114.592623,30.769207,52,0027,42,51 52,高等院校,8008642011702000000,仓埠街区,新洲区,0,0,0,0,2279
11,B2094452DA65A1F54999,京东亚一,湖北省武汉市新洲区S5武英高速旁,114.581715,30.743241,263,0027,42,258 263,公司,,,,2,2,1,0,2486
