1,B2094652D768A6FE4992,金牛客运站,,114.62981,30.01638,35,0714,None,19 35,长途汽车站,8008642028112000000,金牛镇,大冶市,77,122,43,0,1853
2,B2094452D36FA1F54393,金牛镇小,湖北省黄石市金牛大道,114.62554578993,30.017032063802,52,0714,42,51 52,高等院校,8008642028112000000,金牛镇,大冶市,0,0,0,0,1942
3,B2094652D768A6FF409A,金牛镇零户统管办公室,,114.62757,30.01599,248,0714,None,169 248,生活娱乐,8008642028112000000,金牛镇,大冶市,0,0,0,0,1964
4,B2094452D46AA7FB4693,太和镇牛石村,湖北省鄂州市梁子湖区314省道,114.65420437283,30.037742241753,627,0711,42,601 627,一般地点标志,8008642070201000000,太和镇,梁子湖区,0,0,0,0,1934
5,B2094652D768A6FE499D,大冶市第二医院,,114.62448,30.01453,162,0714,None,19 162,医院,8008642028112000000,金牛镇,大冶市,12,16,7,0,2236
6,B209445CD264ABFA4398,湖北省鄂州市江夏区,湖北省鄂州市江夏区幸福狐狸内衣招代理，微信加yuxinshiyu,114.639543,30.012128,627,0714,42,601 627,一般地点标志,,,,0,0,0,0,2294
7,B2094451DB6CA4F8419E,大冶市金牛二中,高三考场第五考场20号,114.63819417318,30.011650390625,52,0714,42,51 52,高等院校,8008642028112000000,金牛镇,大冶市,1,1,0,0,2327
8,B209445CD76DA0F84599,,湖北省黄石市虬川大道,114.6288397895,30.011900227865,628,0714,42,601 628,著名地点,,,,0,0,0,0,2359
9,B209475CD368A7FC419F,金华庄园,金牛镇,114.62240144,30.01421918,81,0714,None,64 69 81,湖北菜,8008642028112000000,金牛镇,大冶市,0,0,0,0,2364
10,B209445CD76DA0F8439E,黄石,湖北省黄石市虬川大道,114.62865478516,30.011960991753,213,0714,42,19 213,五星级宾馆,,,,0,0,0,0,2357
11,B2094451DA69ABF54192,金牛镇,None,114.622606,30.013979,683,0714,None,601 683,商圈,8008642028112000000,金牛镇,大冶市,0,0,0,0,2377
12,B2094652D768A6FF409B,大冶市金牛镇计划生育服务站,,114.62277,30.01429,248,0714,None,169 248,生活娱乐,8008642028112000000,金牛镇,大冶市,0,0,0,0,2339
13,B2094452D76CA2FE469C,优衣库,金牛大道999号优衣库,114.63113715278,30.011125759549,627,0714,42,601 627,一般地点标志,8008642028112000000,金牛镇,大冶市,0,0,0,0,2397
14,B2094452D069A2FC459E,金牛广场,湖北省黄石市虬川大道,114.63106336806,30.010921766493,627,0714,42,601 627,一般地点标志,8008642028112000000,金牛镇,大冶市,1,1,0,0,2421
