1,B209445CD76AABFD479C,童门小学,湖北省武汉市黄陂区,114.38707763672,30.784746636285,253,0027,42,51 253,校园生活,,,,0,0,0,0,830
2,B2094451DA6CA7F44599,老丈人家,武汉市黄陂区三里镇墩子河村,114.387576,30.790517,628,0027,42,601 628,著名地点,8008642011602000000,滠口街区,黄陂区,0,0,0,0,1138
3,B209445CD06FA0FF429C,三里桥中学,湖北省武汉市黄陂区三里桥中学,114.38960177951,30.795577528212,627,0027,42,601 627,一般地点标志,,,,1,1,1,0,1522
4,B2094451DA6CA7F5409A,老丈人家,湖北省武汉市黄陂区三里镇墩子河村,114.39893744575,30.798631456163,628,0027,42,601 628,著名地点,8008642011605000000,三里镇,黄陂区,0,0,0,0,1785
5,B2094452D76EA2F84598,大潭办事处,湖北省武汉市黄陂区黄武路,114.40650553385,30.795705566406,259,0027,42,258 259,工厂,8008642011605000000,三里镇,黄陂区,1,1,1,0,1776
6,B209475CD36EA1F4439A,烩众快餐,武汉三镇,114.414299,30.788828,68,0027,None,64 68,快餐厅,8008642011605000000,三里镇,黄陂区,0,0,0,0,1918
7,B2094451D765A5FD439B,武汉大学,湖北省武汉市黄陂区黄武路,114.41169596354,30.796405707465,52,0027,42,51 52,高等院校,8008642011605000000,三里镇,黄陂区,3,3,3,0,2162
8,B2094453DA6BA1FD489D,供销批发,祁家湾1号,114.4191,30.78261,112,0027,None,64 112,糕饼店,,,,0,0,0,0,2259
9,B2094453DA6AABFB479B,喜相见酒楼,银湖大街108号,114.42059,30.782866,81,0027,None,64 69 81,湖北菜,,,,0,0,0,0,2401
10,B2094752D16DA1F8469E,武汉天河机场,None,114.402668,30.761783,500,0027,None,500,未知分类,8008642011605000000,三里镇,黄陂区,8,8,2,0,2446
