1,B2094453D26AA3F94393,肖家桥村,湖北省武汉市新洲区,114.76894965278,30.775057237413,627,0027,42,601 627,一般地点标志,,,,0,0,0,0,1534
2,B2094453DA6AA3FD4992,简朴寨,腾大道,114.75883,30.79653,87,0027,None,64 69 87,特色／地方风味餐厅,,,,0,0,0,0,1622
3,B2094453DA69ABFE449F,馨聚缘,武湖汉施大道80号,114.75883,30.79653,94,0027,None,64 93 94,西餐厅,,,,0,0,0,0,1622
4,B2094453DA6BA6FC459C,邻家铺子(新洲店),新洲街22号,114.75549,30.79814,81,0027,None,64 69 81,湖北菜,,,,0,0,0,0,1766
5,B2094452D26CA6F84499,新洲区第三中学,湖北省武汉市新洲区S5武英高速,114.73813693576,30.786803114149,253,0027,42,51 253,校园生活,8008642011710000000,汪集街区,新洲区,1,1,1,0,1716
6,B2094452D66EA0FB469B,武汉市新洲区邾城街易窑村,湖北省武汉市新洲区刘大线,114.773142,30.786048,627,0027,42,601 627,一般地点标志,8008642011713000000,邾城街区,新洲区,1,1,0,0,1758
7,B2094452D068A2F5429F,湖北省武汉市新洲区汪集镇淘咀村,湖北省武汉市新洲区汪盛路,114.74424696181,30.768164333767,627,0027,42,601 627,一般地点标志,8008642011710000000,汪集街区,新洲区,1,1,1,0,1893
8,B2094453DA6AA3FE409A,蔡记陶河炒鸭,汪集街陶河村,114.744125,30.768032,87,0027,None,64 69 87,特色／地方风味餐厅,,,,0,0,0,0,1912
9,B2094451D46EA7FA499C,武汉市道教金龙观,湖北省武汉市新洲区旧街,114.74908121745,30.761290418837,244,0027,42,194 244,寺庙道观,8008642011713000000,邾城街区,新洲区,0,0,0,0,2411
10,B2094751DB6FAAFD499A,一品私房菜,近郊新洲区古衡街,114.762062,30.803863,81,0027,None,64 69 81,湖北菜,8008642011713000000,邾城街区,新洲区,0,0,0,0,2488
