1,B2094452D764A5FB4892,竹子港村里,湖北省孝感市孝南区G4京港澳高速,114.03761284722,30.81007297092,627,0712,42,601 627,一般地点标志,8008642090212000000,毛陈镇,孝南区,0,0,0,0,328
2,B2094452D565A1F8479B,湖北北站,湖北省孝感市孝南区G4京港澳高速,114.04457980686,30.80810139974,627,0712,42,601 627,一般地点标志,8008642090212000000,毛陈镇,孝南区,1,1,1,0,982
3,B2094652D76EA4FF499A,孝感府河大桥,,114.04462,30.80495,250,0712,None,194 250,公园户外,8008642090212000000,毛陈镇,孝南区,1,1,0,0,1200
4,B209445CD76BA0FE449B,湖北华楷汽车零部件有限公司,湖北省孝感市孝南区京港澳高速公路,114.04472032335,30.803408203125,259,0712,42,258 259,工厂,,,,1,1,1,0,1332
5,B2094453D26BA4FE4399,东山头工业园,湖北省孝感市孝南区G4京港澳高速,114.04480143229,30.8027734375,627,0712,42,601 627,一般地点标志,,,,1,1,1,0,1391
6,B209475CD06FA6FE489F,孝感米酒,汉川车站附,114.04478096,30.79746535,68,0712,None,64 68,快餐厅,8008642090216000000,东山头原种场,孝南区,0,0,0,0,1887
7,B2094452D069A3FA419B,武汉市江汉区武汉港,武汉市江汉区武汉港,114.01994628906,30.801704915365,34,0712,42,19 34,港口码头,8008642090212000000,毛陈镇,孝南区,2,2,2,0,1926
8,B2094452D069A3FA489A,武汉市户部巷,武汉市户部巷,114.01990152995,30.801742078993,247,0712,42,64 247,餐饮美食,8008642090212000000,毛陈镇,孝南区,2,2,1,0,1927
9,B2094452D069A3F9449A,武汉市江汉区民航新村一锅印象,湖北省武汉市江汉区民航新村,114.02009874132,30.801837836372,247,0712,42,64 247,餐饮美食,8008642090212000000,毛陈镇,孝南区,1,1,1,1,1905
10,B2094452D069A3F94698,武汉市江汉区江汉路绿茵阁,武汉市江汉区江汉路绿茵阁,114.02011420356,30.80188937717,247,0712,42,64 247,餐饮美食,8008642090212000000,毛陈镇,孝南区,1,1,1,1,1901
11,B2094452D069A3FB469B,武汉市江汉区武汉广场七楼麻辣空间,武汉市江汉区武汉广场七楼麻辣空间,114.02016574436,30.801624891493,247,0712,42,64 247,餐饮美食,8008642090212000000,毛陈镇,孝南区,1,1,1,1,1915
12,B2094452D069A3FB489F,武汉市江岸区武汉天地稻泽食堂寿司店,武汉市江岸区武汉天地稻泽食堂寿司店,114.01990152995,30.801742078993,247,0712,42,64 247,餐饮美食,8008642090212000000,毛陈镇,孝南区,1,1,1,1,1927
13,B2094652D76EA6F84098,东山头中学,,114.01817,30.80015,55,0712,None,51 55,中学,8008642090212000000,毛陈镇,孝南区,25,51,9,0,2167
14,B2094652D76EA6F84099,孝感市孝南区东山头原种场,,114.02071,30.79505,248,0712,None,169 248,生活娱乐,8008642090216000000,东山头原种场,孝南区,2,2,0,0,2414
