1,B2094453D36EA7F5429E,天河街孙家湾,湖北省武汉市黄陂区110省道,114.23935248481,30.812702365451,627,0027,42,601 627,一般地点标志,,,,1,1,0,0,617
2,B2094453D26BA1FF449A,四海农庄,湖北省武汉市黄陂区G70福银高速,114.25360649957,30.822415093316,198,0027,42,194 198,植物园,,,,1,1,1,0,1331
3,B2094451D069A0F9439B,兰家岗,湖北省武汉市黄陂区G70福银高速,114.24178548177,30.824174262153,627,0027,42,601 627,一般地点标志,8008642011600000003,兰下湾,黄陂区,1,1,0,0,1354
4,B2094451D06AA3FB4492,食寨,湖北省武汉市黄陂区110省道,114.22958251953,30.807367892795,257,0027,42,64 69 257,中餐厅,8008642011609000000,天河街区,黄陂区,1,1,1,0,1653
5,B2094751DB6EA5F4439E,故乡庄园,近郊黄陂区横店街横天公路中段(近天河机场),114.25291,30.798973,87,0027,None,64 69 87,特色／地方风味餐厅,8008642011609000000,天河街区,黄陂区,1,2,2,2,1653
6,B2094452D56EA6FC4299,湖北大学知行学院,湖北省武汉市黄陂区110省道,114.23237304687,30.799216037326,253,0027,42,51 253,校园生活,8008642011609000000,天河街区,黄陂区,0,0,0,0,1959
7,B209445CD764ABFD4298,武汉天河机场誉龙宾馆,武汉市黄陂区天河机场武汉天河机场天河街天安道308号,114.22968451606,30.798620876736,216,0027,0000,19 216,经济型连锁酒店,,,,1,1,0,0,2183
8,B2094452D06AA2FA4399,武汉市黄陂区天河街天安道300号,武汉市黄陂区天河街天安道300号,114.229425,30.798719,217,0027,42,19 217,旅馆招待所,8008642011609000000,天河街区,黄陂区,1,1,1,0,2193
9,B2094451D469AAF4479B,湖北省武汉市江岸区,湖北省武汉市江岸区,114.22663438585,30.80110921224,113,0027,42,64 113,冷饮店,8008642011609000000,天河街区,黄陂区,2,2,1,0,2229
10,B209445CD765A2FE499B,百世汇通,湖北省武汉市黄陂区横天公路普洛斯工业园,114.265998,30.802173,263,0027,0000,258 263,公司,,,,1,1,1,0,2248
11,B2094757D46FABFD479B,航盾奇味林酒家,近郊黄陂区天河街武汉天河国际机场内,114.22482,30.801836,81,0027,None,64 69 81,湖北菜,8008642011609000000,天河街区,黄陂区,9,17,6,1,2331
12,B2094655D46CA7F84799,天河街计划生育服务站,,114.22472,30.80114,248,0027,None,169 248,生活娱乐,8008642011609000000,天河街区,黄陂区,5,5,1,0,2380
13,B2094752D26DA6FB439E,唐老鸭酒店,近郊黄陂区河清街67号(近孝天公路),114.222969,30.803964,217,0027,None,19 217,旅馆招待所,8008642011609000000,天河街区,黄陂区,0,0,0,0,2381
14,B2094452D064A6FD459B,横店松林岗,湖北省武汉市黄陂区G70福银高速,114.27119,30.817752,627,0027,42,601 627,一般地点标志,8008642011617000000,横店街区,黄陂区,1,1,1,0,2497
