1,B2094452D36FA7FE4498,新洲区任河村,湖北省武汉市新洲区318国道,114.75956814236,30.846218261719,627,0027,42,601 627,一般地点标志,8008642011713000000,邾城街区,新洲区,0,0,0,0,564
2,B2094452D46CA5FB429A,黄畈村,湖北省武汉市新洲区111省道,114.749585,30.839348,627,0027,42,601 627,一般地点标志,8008642011713000000,邾城街区,新洲区,0,0,0,0,663
3,B2094453D269AAFF429B,zi,湖北省武汉市新洲区318国道,114.76192599826,30.838572862413,627,0027,42,601 627,一般地点标志,,,,0,0,0,0,785
4,B2094453DA6BA7FC409A,品香园酒店,张店中学旁,114.74552,30.85328,81,0027,None,64 69 81,湖北菜,,,,0,0,0,0,1500
5,B2094453DA6BA2FF469F,泰丰饭庄,张店镇张店东街211号,114.74381,30.853046,81,0027,None,64 69 81,湖北菜,,,,0,0,0,0,1588
6,B2094453DA6BA6FC459D,张店桥头酒店,张店街,114.743324,30.853086,81,0027,None,64 69 81,湖北菜,,,,0,0,0,0,1624
7,B2094452D46CA1FA459C,新洲葡萄园,湖北省武汉市新洲区111省道,114.76019748264,30.827511664497,205,0027,42,194 205,采摘园,8008642011713000000,邾城街区,新洲区,0,0,0,0,1758
8,B2094453DA6BA7FF439E,圆缘大酒店,张店西街122号,114.741425,30.85371,81,0027,None,64 69 81,湖北菜,,,,0,0,0,0,1803
9,B2094655D46CA0FC449C,邾城街第六初级中学,,114.77471,30.84762,55,0027,None,51 55,中学,8008642011713000000,邾城街区,新洲区,5,7,1,0,1934
10,B2094655D46CA0FC449F,希望小学,,114.73609,30.83143,56,0027,None,51 56,小学,8008642011713000000,邾城街区,新洲区,0,0,0,0,2225
11,B2094452D165A2FD449E,新洲区精神病医院,湖北省武汉市新洲区111省道,114.77400661892,30.827891167535,627,0027,42,601 627,一般地点标志,8008642011713000000,邾城街区,新洲区,0,0,0,0,2435
