1,B2094452D76CA6F9409C,优衣库,北京市朝阳区三里屯,114.97099121094,30.876994628906,116,0027,42,115 116,特色商业街,8008642011703000000,旧街街区,新洲区,1,1,1,0,743
2,B2094452D46FABF8489E,磨山村,湖北省武汉市汉阳区永丰街,114.9735,30.867418,642,0027,42,258 642,家居装饰类公司,8008642011703000000,旧街街区,新洲区,1,1,0,0,949
3,B2094453DA6BA7FF439D,武汉休闲酒楼,通禅大道,114.97916,30.87744,81,0027,None,64 69 81,湖北菜,,,,0,0,0,0,1432
4,B2094453DA6BA7F84198,小桃园酒店,通禅大道,114.97944,30.877417,81,0027,None,64 69 81,湖北菜,,,,0,0,0,0,1455
5,B2094453DA6BA3FE429A,玉琼土菜馆,通禅大道,114.97931,30.877426,81,0027,None,64 69 81,湖北菜,,,,0,0,0,0,1444
6,B2094453DA6AABF8479C,老茂歌舞厅,通禅大道,114.979004,30.877462,172,0027,None,169 172,酒吧,,,,0,0,0,0,1419
7,B2094453DA6BA7FA459F,麦香城面包房,通禅大道,114.98166,30.877455,112,0027,None,64 112,糕饼店,,,,0,0,0,0,1654
8,B2094453DA6BA2F54093,艳阳天酒家,旅游大道172号,114.98228,30.877052,81,0027,None,64 69 81,湖北菜,,,,0,0,0,0,1696
9,B2094453DA6BA1FD4899,独秀峰酒楼,旅游大道121号,114.98215,30.8772,81,0027,None,64 69 81,湖北菜,,,,0,0,0,0,1689
10,B2094453DA6AAAFB499C,怡成烧烤,道观河旅游大道173号,114.98302,30.877003,269,0027,None,64 269,烧烤,,,,0,0,0,0,1761
11,B209475CD06FA7F9499E,千禧福酒店,新洲区旅游大道136号,114.98401,30.877096,81,0027,None,64 69 81,湖北菜,8008642011705000000,道观河风景旅游管理处,新洲区,0,0,0,0,1855
12,B209475CD36BA2FD439C,飞浪大酒店,新洲区旅游大道136号,114.98391,30.877113,81,0027,None,64 69 81,湖北菜,8008642011705000000,道观河风景旅游管理处,新洲区,0,0,0,0,1846
13,B2094453DA6BABF44192,梦天湖大酒店,旅游大道136号,114.98401,30.87676,81,0027,None,64 69 81,湖北菜,,,,0,0,0,0,1845
14,B2094453DA69A2F4469F,永兴大酒店,旅游大道136号,114.98429,30.87707,81,0027,None,64 69 81,湖北菜,,,,0,0,0,0,1880
15,B2094453DA69A2F8439C,凯旋大酒店,旅游大道136号,114.98416,30.877077,81,0027,None,64 69 81,湖北菜,,,,0,0,0,0,1868
16,B2094655D46CA7F84598,梦天湖酒店(道观河派出所西),,114.9839,30.87655,217,0027,None,19 217,旅馆招待所,8008642011705000000,道观河风景旅游管理处,新洲区,10,15,8,0,1828
17,B2094655D46CA7F8469D,千嘻福酒店,,114.98415,30.87706,217,0027,None,19 217,旅馆招待所,8008642011705000000,道观河风景旅游管理处,新洲区,0,0,0,0,1867
18,B2094453DA6BA1F5449A,异乡缘,旅游大道95号,114.98491,30.87699,81,0027,None,64 69 81,湖北菜,,,,0,0,0,0,1934
19,B2094655D46CA7F8459E,道观河派出所,,114.98484,30.87644,609,0027,None,44 609,警察局,8008642011705000000,道观河风景旅游管理处,新洲区,0,0,0,0,1912
20,B2094453DA6BA4F8469F,鑫鑫酒楼,旅游大道73号,114.98634,30.877005,81,0027,None,64 69 81,湖北菜,,,,0,0,0,0,2067
21,B2094453DA68AAF4439B,枫叶大酒店,旅游大道83号,114.986084,30.877028,81,0027,None,64 69 81,湖北菜,,,,0,0,0,0,2044
22,B2094451D06AA5F84592,武汉市新洲区,湖北省武汉市新洲区新道公路,114.94409016927,30.872348632812,251,0027,42,19 251,出行住宿,8008642011703000000,旧街街区,新洲区,6,10,9,0,2036
23,B2094655D46CA7F84692,武汉市鹰谊宾馆,道观河风景旅游区,114.98857,30.87458,250,0027,None,194 250,公园户外,8008642011705000000,道观河风景旅游管理处,新洲区,0,0,0,0,2228
24,B2094452D66FA2FE4593,利河,湖北省武汉市新洲区新道公路,114.96151665582,30.850311414931,627,0027,42,601 627,一般地点标志,8008642011703000000,旧街街区,新洲区,0,0,0,0,2481
