1,B2094451DB64A4FA479D,傅山村,湖北省武汉市新洲区新徐公路,114.93649061415,30.906651204427,627,0027,42,601 627,一般地点标志,8008642011703000000,旧街街区,新洲区,1,1,0,0,473
2,B2094452D66BA4F54792,螺丝咀,湖北省武汉市新洲区集宝路,114.9478257921,30.902609863281,627,0027,42,601 627,一般地点标志,8008642011703000000,旧街街区,新洲区,1,1,1,0,1207
3,B2094655D46CA7F8459B,新洲区第四中学,,114.93645,30.88851,55,0027,None,51 55,中学,8008642011703000000,旧街街区,新洲区,162,294,103,0,1568
4,B2094451D76BA4FA469C,定得湾,湖北省武汉市新洲区新洲四中,114.939615,30.890533,627,0027,42,601 627,一般地点标志,8008642011703000000,旧街街区,新洲区,0,0,0,0,1403
5,B209445CD16AABF5489E,螺丝咀,湖北省武汉市新洲区新徐公路,114.9435023329,30.914266764323,627,0027,42,601 627,一般地点标志,,,,1,1,0,0,1527
6,B2094452D56CA1F5449C,新集中学,湖北省武汉市新洲区集宝路,114.948166,30.892378,55,0027,42,51 55,中学,8008642011703000000,旧街街区,新洲区,0,0,0,0,1679
7,B2094655D46CA7F84699,新集卫生院,,114.95172,30.89592,162,0027,None,19 162,医院,8008642011703000000,旧街街区,新洲区,12,14,8,0,1743
8,B2094453DA6BA5FD4193,新凤凰酒店,集宝路74号,114.95126,30.894785,81,0027,None,64 69 81,湖北菜,,,,0,0,0,0,1762
9,B2094452D368A4F9439A,螺丝咀,湖北省武汉市新洲区徐古镇富山村,114.94963134766,30.893448079427,627,0027,42,601 627,一般地点标志,8008642011703000000,旧街街区,新洲区,1,1,1,0,1712
10,B2094453DA6AA7F94993,梅记小笼包,集宝路,114.95628,30.90231,68,0027,None,64 68,快餐厅,,,,0,0,0,0,2015
