1,B2094451DB64A4FE459F,魏站社区,湖北省孝感市孝南区110省道,114.004623,30.937065,627,0712,42,601 627,一般地点标志,8008642090208000000,孝天街区,孝南区,1,1,1,0,503
2,B2094451D06BA3F9499A,余家庙,湖北省孝感市孝南区110省道,114.001267,30.934778,627,0712,42,601 627,一般地点标志,8008642090208000000,孝天街区,孝南区,1,1,0,0,519
3,B209475CD36FA6F8499F,尚汤·炖鱼馆,航空街,114.00958918,30.9384375,81,0712,None,64 69 81,湖北菜,8008642090208000000,孝天街区,孝南区,0,0,0,0,714
4,B2094453D46BA2FD449A,银湖科技园,湖北省孝感市孝南区孝汉大道,113.997706977,30.932383897569,259,0712,42,258 259,工厂,,,,2,2,1,0,808
5,B209445CD66BABFC459B,云集微店boss火爆招募中。365元开店还有大礼包,湖北省孝感市孝南区孝汉大道,113.99588650174,30.928347167969,116,0712,42,115 116,特色商业街,,,,0,0,0,0,1096
6,B2094752D56CABFE419A,银湖科技,湖北孝感市孝汉大道38号,113.992596,30.932636,46,0712,None,44 46,楼宇,8008642090208000000,孝天街区,孝南区,3,3,2,0,1295
7,B2094451D76DA2FE4393,珠海拱北口岸,湖北省孝感市孝南区110省道,114.01487467448,30.942263454861,627,0712,42,601 627,一般地点标志,8008642090206000000,新铺镇,孝南区,0,0,0,0,1348
8,B2094452DB6CA0FB4193,魏站,湖北省孝感市孝南区110省道,114.004239,30.944844,627,0712,42,601 627,一般地点标志,,,,0,0,0,0,1360
9,B2094452D06FA1FF469E,中国航天科工,湖北省孝感市孝南区航天大道,113.98993,30.933181,263,0712,42,258 263,公司,8008642090208000000,孝天街区,孝南区,1,1,0,0,1551
10,B2094452DA6BA4F8439B,矢崎汽车部件有限公司,湖北省孝感市孝南区孝汉大道,113.99055772569,30.929734971788,259,0712,42,258 259,工厂,,,,1,1,0,0,1527
11,B2094451D56EA6F8459D,桥西村,湖北省孝感市孝南区孝汉大道,114.004763,30.919146,627,0712,42,601 627,一般地点标志,8008642090208000000,孝天街区,孝南区,1,1,0,0,1519
12,B209445CD665A4FB4293,孝汉大道,湖北省孝感市孝南区孝汉大道,113.98702012804,30.933959147135,259,0712,42,258 259,工厂,,,,0,0,0,0,1833
13,B2094451D668A5FC4192,外婆家,湖北省孝感市孝南区110省道,114.0252983941,30.935041775174,627,0712,42,601 627,一般地点标志,8008642090208000000,孝天街区,孝南区,2,2,2,0,1845
14,B209445CD76FA6FF4192,北京市,湖北省孝感市王府井大街,113.99174424913,30.945405544705,111,0712,42,64 111,休闲餐饮场所,,,,0,0,0,0,1970
15,B2094453D265A1FA449C,孝感市第一人民医院东城新院,湖北省孝感市孝南区孝汉大道,113.98137858073,30.9339453125,627,0712,42,601 627,一般地点标志,,,,1,1,1,0,2370
