1,B2094453D26BA5FF4793,家明早点店,湖北省武汉市黄陂区古潭大道,114.23630859375,30.934113769531,68,0027,42,64 68,快餐厅,,,,1,1,1,0,919
2,B209475CD06CA2F8479C,迎宾酒楼(古潭大道店),古潭大道167,114.23599,30.934929,81,0027,None,64 69 81,湖北菜,8008642011607000000,祁家湾街区,黄陂区,0,0,0,0,968
3,B2094453DA6BA6F94198,风云酒楼,古潭大道205号,114.23633,30.93569,81,0027,None,64 69 81,湖北菜,,,,0,0,0,0,962
4,B2094451D16CA7FE479A,黄陂区李家集镇作京城村作京城,湖北省武汉市黄陂区310省道,114.25400580512,30.944103190104,627,0027,42,601 627,一般地点标志,8008642011607000000,祁家湾街区,黄陂区,1,2,1,0,1488
5,B2094451D76AA1FA4092,湖北省武汉市黄陂区李家集镇作京城村作京城,湖北省武汉市黄陂区祁泡线,114.23339979384,30.943527832031,627,0027,42,601 627,一般地点标志,8008642011607000000,祁家湾街区,黄陂区,1,1,1,0,1686
6,B2094453DA6BA7FB4998,康源农庄,土庙中心小学南1公里处,114.23186,30.922865,87,0027,None,64 69 87,特色／地方风味餐厅,,,,0,0,0,0,1726
7,B2094451DA68A0FD439C,五岭中学,湖北省武汉市黄陂区祁泡线,114.23816026476,30.948292914497,55,0027,42,51 55,中学,8008642011607000000,祁家湾街区,黄陂区,0,0,0,0,1879
8,B2094452D16BAAFC4699,破塘李,湖北省武汉市黄陂区310省道,114.26673990885,30.936584472656,627,0027,42,601 627,一般地点标志,8008642011607000000,祁家湾街区,黄陂区,1,1,1,0,2045
9,B2094451D76AA3FD469F,王家湾,湖北省武汉市黄陂区,114.23993,30.950875,627,0027,42,601 627,一般地点标志,8008642011607000000,祁家湾街区,黄陂区,1,1,1,0,2095
10,B2094451D56DA6F4489C,武汉市江汉区,武汉市江汉区,114.23939615885,30.953858778212,195,0027,42,194 195,游乐场,8008642011607000000,祁家湾街区,黄陂区,2,2,1,0,2429
