1,B2094452D665A4FC489A,蔡榨镇,湖北省武汉市黄陂区234省道,114.52827,30.936725,627,0027,42,601 627,一般地点标志,8008642011614000000,蔡榨街区,黄陂区,1,1,1,0,1284
2,B2094453DA6BA2F8409E,吉味缘黄焖鸡米饭,六合村,114.52522,30.92147,68,0027,None,64 68,快餐厅,,,,0,0,0,0,1552
3,B2094453DA6BA2F9449F,黑龙江饺子面馆,六合村,114.52522,30.92147,87,0027,None,64 69 87,特色／地方风味餐厅,,,,0,0,0,0,1552
4,B2094453DA6BA2FB4698,萍水湘逢木桶饭,六合村,114.52522,30.92147,68,0027,None,64 68,快餐厅,,,,0,0,0,0,1552
5,B2094453DA6BA2FB4693,速味居黄焖鸡米饭(洪宇店),六合村,114.52522,30.92147,68,0027,None,64 68,快餐厅,,,,0,0,0,0,1552
6,B2094453DA6BA3F9499C,九福排骨米饭,六合村,114.52522,30.92147,68,0027,None,64 68,快餐厅,,,,0,0,0,0,1552
7,B2094453DA6BA2FC429B,土耳其烤肉饭,六合村,114.52522,30.92147,269,0027,None,64 269,烧烤,,,,0,0,0,0,1552
8,B2094655D56CA2FF4892,丁家大湾高架桥,,114.50155,30.9414,250,0027,None,194 250,公园户外,8008642011610000000,王家河街区,黄陂区,0,0,0,0,1656
9,B209445CD76EA4FD4292,湖北省武汉市江汉区建设大道新世界国贸大厦写字楼3010室,湖北省武汉市江汉区建设大道新世界国贸大厦写字楼3010室,114.51558403863,30.950071343316,116,0027,42,115 116,特色商业街,,,,1,1,1,0,1929
10,B2094453DA6BA6F94598,田园香农家菜馆,兴崛大道229号,114.53669,30.92614,87,0027,None,64 69 87,特色／地方风味餐厅,,,,0,0,0,0,2139
11,B2094453DA6BA6FB4499,众乐餐厅,民群大街9号,114.53708,30.92565,81,0027,None,64 69 81,湖北菜,,,,0,0,0,0,2193
12,B2094451D56FAAFF4499,蒋家大塘,湖北省武汉市黄陂区G42沪蓉高速,114.49513617622,30.925135362413,627,0027,42,601 627,一般地点标志,8008642011614000000,蔡榨街区,黄陂区,1,1,1,0,2134
13,B2094655D46CA2FE409C,迎宾粮油批发,,114.5365,30.92242,117,0027,None,115 117,便民商店/便利店,8008642011614000000,蔡榨街区,黄陂区,0,0,0,0,2299
14,B2094655D46CA2FE419B,蔡家榨工商所,,114.53662,30.92362,250,0027,None,194 250,公园户外,8008642011614000000,蔡榨街区,黄陂区,0,0,0,0,2245
15,B2094655D46CA2FE409B,蔡家榨信用社,,114.53662,30.92311,150,0027,None,19 150,银行,8008642011614000000,蔡榨街区,黄陂区,8,9,1,0,2271
16,B2094453D26EA4FA499F,黄陂区人民医院,湖北省武汉市黄陂区兴崛大道,114.5371725803,30.924563802083,627,0027,42,601 627,一般地点标志,,,,0,0,0,0,2248
17,B2094655D46CA2FE409A,蔡家榨派出所,,114.53953,30.9264,609,0027,None,44 609,警察局,8008642011614000000,蔡榨街区,黄陂区,16,86,36,0,2387
18,B2094655D56EA5F4449D,胡家堰大桥,,114.49353,30.92301,250,0027,None,194 250,公园户外,8008642011614000000,蔡榨街区,黄陂区,0,0,0,0,2374
19,B2094451DB6AA1FC4199,湖北省十堰市花果区,湖北省武汉市黄陂区兴崛大道,114.53724121094,30.922896592882,259,0027,42,258 259,工厂,8008642011614000000,蔡榨街区,黄陂区,0,0,0,0,2335
20,B2094451D16DA7F9449F,水口寺才村丁王湾,湖北省武汉市黄陂区G42沪蓉高速,114.492982,30.940372,627,0027,42,601 627,一般地点标志,8008642011610000000,王家河街区,黄陂区,0,0,0,0,2325
21,B2094655D46CA2FE409E,蔡家榨中学,,114.53839,30.92168,55,0027,None,51 55,中学,8008642011614000000,蔡榨街区,黄陂区,75,100,35,0,2496
