1,B2094452DA69A2F8479B,熊氏山庄,湖北省武汉市黄陂区234省道,114.54507459852,30.925913628472,207,0027,42,194 207,度假疗养场所,,,,1,1,1,0,694
2,B2094655D46CA2FE409A,蔡家榨派出所,,114.53953,30.9264,609,0027,None,44 609,警察局,8008642011614000000,蔡榨街区,黄陂区,16,86,36,0,837
3,B2094453DA6BA6F94598,田园香农家菜馆,兴崛大道229号,114.53669,30.92614,87,0027,None,64 69 87,特色／地方风味餐厅,,,,0,0,0,0,1050
4,B2094453DA6BA6FB4499,众乐餐厅,民群大街9号,114.53708,30.92565,81,0027,None,64 69 81,湖北菜,,,,0,0,0,0,1058
5,B2094452DA69A2F8469B,熊氏山庄,湖北省武汉市黄陂区234省道,114.55021402995,30.923166503906,195,0027,42,194 195,游乐场,,,,1,1,1,0,1110
6,B2094453D26EA4FA499F,黄陂区人民医院,湖北省武汉市黄陂区兴崛大道,114.5371725803,30.924563802083,627,0027,42,601 627,一般地点标志,,,,0,0,0,0,1139
7,B2094655D46CA2FE419B,蔡家榨工商所,,114.53662,30.92362,250,0027,None,194 250,公园户外,8008642011614000000,蔡榨街区,黄陂区,0,0,0,0,1252
8,B2094655D46CA2FE409B,蔡家榨信用社,,114.53662,30.92311,150,0027,None,19 150,银行,8008642011614000000,蔡榨街区,黄陂区,8,9,1,0,1296
9,B2094451DB6AA1FC4199,湖北省十堰市花果区,湖北省武汉市黄陂区兴崛大道,114.53724121094,30.922896592882,259,0027,42,258 259,工厂,8008642011614000000,蔡榨街区,黄陂区,0,0,0,0,1278
10,B2094655D46CA2FE409E,蔡家榨中学,,114.53839,30.92168,55,0027,None,51 55,中学,8008642011614000000,蔡榨街区,黄陂区,75,100,35,0,1333
11,B2094655D46CA2FE409C,迎宾粮油批发,,114.5365,30.92242,117,0027,None,115 117,便民商店/便利店,8008642011614000000,蔡榨街区,黄陂区,0,0,0,0,1363
12,B2094453DA6AA5F9449C,恒记快餐,圣泉街,114.53859,30.919943,68,0027,None,64 68,快餐厅,,,,0,0,0,0,1497
13,B2094452D665A4FC489A,蔡榨镇,湖北省武汉市黄陂区234省道,114.52827,30.936725,627,0027,42,601 627,一般地点标志,8008642011614000000,蔡榨街区,黄陂区,1,1,1,0,1692
14,B2094453DA6BA2F8409E,吉味缘黄焖鸡米饭,六合村,114.52522,30.92147,68,0027,None,64 68,快餐厅,,,,0,0,0,0,2246
15,B2094453DA6BA2F9449F,黑龙江饺子面馆,六合村,114.52522,30.92147,87,0027,None,64 69 87,特色／地方风味餐厅,,,,0,0,0,0,2246
16,B2094453DA6BA2FB4698,萍水湘逢木桶饭,六合村,114.52522,30.92147,68,0027,None,64 68,快餐厅,,,,0,0,0,0,2246
17,B2094453DA6BA2FB4693,速味居黄焖鸡米饭(洪宇店),六合村,114.52522,30.92147,68,0027,None,64 68,快餐厅,,,,0,0,0,0,2246
18,B2094453DA6BA3F9499C,九福排骨米饭,六合村,114.52522,30.92147,68,0027,None,64 68,快餐厅,,,,0,0,0,0,2246
19,B2094453DA6BA2FC429B,土耳其烤肉饭,六合村,114.52522,30.92147,269,0027,None,64 269,烧烤,,,,0,0,0,0,2246
