1,B2094452D76BA0F54692,牡丹江广场花园,湖北省咸宁市嘉鱼县329省道,114.1240890842,30.056378309462,627,0715,42,601 627,一般地点标志,8008642122103000000,头墩农场,嘉鱼县,1,1,0,0,670
2,B2094451D064AAFF499D,咕咕村,湖北省咸宁市嘉鱼县,114.12681450738,30.05694281684,627,0715,42,601 627,一般地点标志,8008642122103000000,头墩农场,嘉鱼县,1,1,0,0,602
3,B2094451D064AAF84599,咕咕村,湖北省咸宁市嘉鱼县329省道,114.12531711155,30.056501193576,627,0715,42,601 627,一般地点标志,8008642122103000000,头墩农场,嘉鱼县,1,1,0,0,641
4,B2094452D06CABF84199,渡普镇,湖北省咸宁市嘉鱼县329省道,114.12193766276,30.055683865017,195,0715,42,194 195,游乐场,8008642122103000000,头墩农场,嘉鱼县,1,1,1,0,813
5,B2094452D16DA4F84993,渡普口幼儿园,湖北省咸宁市嘉鱼县329省道,114.11953531901,30.056426595052,52,0715,42,51 52,高等院校,8008642122103000000,头墩农场,嘉鱼县,0,0,0,0,875
6,B2094451D76EABFE4493,陈家大院,湖北省咸宁市嘉鱼县329省道,114.127877,30.054944,170,0715,42,169 170,KTV,8008642122103000000,头墩农场,嘉鱼县,1,1,1,0,842
7,B2094452D769A5F84992,渡普卫生院,湖北省咸宁市嘉鱼县329省道,114.121304,30.05504,622,0715,42,258 622,医疗健康类公司,8008642122103000000,头墩农场,嘉鱼县,0,0,0,0,904
8,B2094652D769A5FD4693,渡普桥,,114.12472,30.05306,250,0715,None,194 250,公园户外,8008642122103000000,头墩农场,嘉鱼县,0,0,0,0,1027
9,B2094453D26FA2FB4398,湖北省咸宁市嘉鱼县渡普镇,湖北省咸宁市嘉鱼县329省道,114.1249484592,30.052513834635,627,0715,42,601 627,一般地点标志,,,,1,1,1,0,1086
10,B2094453D268ABF84099,湖北省咸宁市嘉鱼县渡普镇,湖北省咸宁市嘉鱼县渡普镇,114.12227837457,30.052495388455,195,0715,42,194 195,游乐场,,,,0,0,0,0,1133
11,B2094451D16CA5F94398,咸宁市嘉鱼县度普镇,湖北省咸宁市嘉鱼县329省道,114.12696777344,30.051576605903,627,0715,42,601 627,一般地点标志,8008642122103000000,头墩农场,嘉鱼县,1,1,1,0,1195
12,B2094451D769A5F44892,七天连锁酒店,湖北省嘉鱼县,114.12682644314,30.049797092014,47,0715,42,44 47,住宅区,8008642122103000000,头墩农场,嘉鱼县,0,0,0,0,1391
13,B2094652D768AAFB4693,渡普中学,,114.1197,30.05069,55,0715,None,51 55,中学,8008642122103000000,头墩农场,嘉鱼县,60,101,54,0,1408
