1,B2094451DA6EABFC4292,母亲节,湖北省孝感市孝南区310省道,113.96646999783,30.965995822483,170,0712,42,169 170,KTV,8008642090206000000,新铺镇,孝南区,1,1,0,0,992
2,B2094452D06FA1FF4999,中国航天科工,湖北省孝感市孝南区航天大道,113.98584716797,30.961676974826,259,0712,42,258 259,工厂,8008642090206000000,新铺镇,孝南区,1,1,1,0,949
3,B2094652D76EA1FA459B,新铺镇孝南区计划生育服务站,,113.98249,30.97692,248,0712,None,169 248,生活娱乐,8008642090206000000,新铺镇,孝南区,2,4,0,0,1740
4,B2094652D76EA1FA4598,新铺镇计生服务站避孕药具免费发放中心,,113.98249,30.97693,248,0712,None,169 248,生活娱乐,8008642090206000000,新铺镇,孝南区,0,0,0,0,1741
5,B2094652D76EA1FA4599,新铺人民法庭,,113.95523,30.9584,252,0712,None,44 252,楼宇机构,8008642090206000000,新铺镇,孝南区,8,8,5,0,2025
6,B2094452D66FA3FA4098,夷陵广场,湖北省宜昌市西陵区,113.98645453559,30.978561469184,627,0712,42,601 627,一般地点标志,8008642090206000000,新铺镇,孝南区,0,0,0,0,2067
7,B2094652D76EA1FA459A,孝感市邮政局新铺镇邮政支局,,113.98624,30.97943,248,0712,None,169 248,生活娱乐,8008642090206000000,新铺镇,孝南区,11,35,5,0,2142
8,B2094453D269A2F9489B,重庆南岸,湖北省孝感市孝南区310省道,113.955531,30.954329,627,0712,42,601 627,一般地点标志,,,,0,0,0,0,2142
9,B2094452D26EAAF4439B,张文颜的幸福乐园,湖北省孝感市孝南区310省道,113.99051378038,30.978390299479,45,0712,42,44 45,产业园区,8008642090206000000,新铺镇,孝南区,0,0,0,0,2265
10,B2094452D064A1F54492,孝感市科目三考试中心,湖北省孝感市孝南区澴川北路,113.96211941189,30.944721950955,627,0712,42,601 627,一般地点标志,8008642090206000000,新铺镇,孝南区,1,1,1,0,2363
11,B2094451DA6CA4FF409B,中国航天科工四院培训中心,湖北省孝感市孝南区航天大道,113.97782986111,30.941528862847,627,0712,42,601 627,一般地点标志,8008642090208000000,孝天街区,孝南区,0,0,0,0,2323
12,B209445CD76FA6FF4192,北京市,湖北省孝感市王府井大街,113.99174424913,30.945405544705,111,0712,42,64 111,休闲餐饮场所,,,,0,0,0,0,2414
13,B2094451D76DA2FE429D,珠海拱北,湖北省孝感市孝南区310省道,113.99556613498,30.976005859375,627,0712,42,601 627,一般地点标志,8008642090206000000,新铺镇,孝南区,0,0,0,0,2414
