1,B2094751DB65A2F8479F,飞鱼郡咖啡茶艺馆,西沙群岛永兴岛北京路,113.93852,30.99176,247,0712,None,64 247,餐饮美食,8008642090201000000,朋兴乡,孝南区,0,0,0,0,693
2,B209475CD368A4F54798,上汤功夫串,开发区北京路,113.9385257,30.9917635,86,0712,None,64 69 86,火锅店,8008642090201000000,朋兴乡,孝南区,0,0,0,0,692
3,B209475CD369A6FE439C,淌甸凉卷粉,北京路尼桑4S店右转直行200米,113.9385257,30.9917635,71,0712,None,64 69 71,四川菜,8008642090201000000,朋兴乡,孝南区,0,0,0,0,692
4,B2094452D269ABFF469E,殡仪馆,湖北省孝感市孝南区G107,113.938724,30.992122,627,0712,42,601 627,一般地点标志,8008642090201000000,朋兴乡,孝南区,0,0,0,0,670
5,B2094452D665A7F84892,丹阳古镇,湖北省孝感市孝南区朋兴乡,113.9530984158,31.002454698351,45,0712,42,44 45,产业园区,8008642090201000000,朋兴乡,孝南区,5,5,4,0,1311
6,B2094753D56BA6FA4292,孝感监狱,湖北省 孝感市 孝感监狱,113.943267,30.9794,608,0712,42,44 608,法院,8008642090201000000,朋兴乡,孝南区,19,19,10,0,1478
7,B2094453D36DA6FD4492,金卉庄园,湖北省孝感市孝南区北京路,113.94764350043,31.009572482639,195,0712,42,194 195,游乐场,,,,0,0,0,0,1908
8,B2094453D36DA6FD4499,金卉庄园,湖北省孝感市孝南区北京路,113.94764350043,31.009572482639,195,0712,42,194 195,游乐场,,,,0,0,0,0,1908
9,B2094453D36EA3F9449F,金卉庄园,湖北省孝感市孝南区北京路,113.95001274957,31.010334472656,195,0712,42,194 195,游乐场,,,,1,1,1,0,2026
10,B2094452DA64A1F5489C,孝感金卉庄园,湖北省孝感市孝南区北京路,113.94596218533,31.011906738281,198,0712,42,194 198,植物园,,,,12,13,10,0,2159
11,B2094451D66FABF4459B,黄蒲驾校,湖北省孝感市孝南区长兴三路,113.940435,30.973613,627,0712,42,601 627,一般地点标志,8008642090201000000,朋兴乡,孝南区,2,2,2,0,2163
