1,B2094453DA6BA7FB469C,叼德一,近刘店,114.36164,30.97943,81,0027,None,64 69 81,湖北菜,,,,0,0,0,0,1513
2,B2094453DA6BA5FE429E,凯威食享家,滠口街,114.3582,30.97899,86,0027,None,64 69 86,火锅店,,,,0,0,0,0,1677
3,B2094453DA6BA2FD449F,重庆鸡公煲,三街菜场内,114.35817,30.978907,86,0027,None,64 69 86,火锅店,,,,0,0,0,0,1687
4,B2094453DA6AA6F8449C,邻家铺子(黄陂店),黄陂大街,114.35816,30.978924,81,0027,None,64 69 81,湖北菜,,,,0,0,0,0,1686
5,B2094453D269A2FA429C,南新集,湖北省武汉市黄陂区黄土公路,114.35589,30.979101,195,0027,42,194 195,游乐场,,,,0,0,0,0,1775
6,B2094453DA6AA0FC429F,快快乐乐,凤凰村80号,114.38587,31.00547,268,0027,None,64 268,自助,,,,0,0,0,0,2386
7,B2094451D56CA1F8469C,木兰天池风景区,湖北省武汉市黄陂区黄土公路,114.34042317708,30.993279351128,240,0027,42,194 240,国家级景点,8008642011601000000,罗汉寺街区,黄陂区,5,5,5,0,2438
8,B2094453DA6BA6F9449D,龙回头大菜馆,研子加油站旁,114.34085,30.991116,81,0027,None,64 69 81,湖北菜,,,,0,0,0,0,2401
9,B2094655D46CA2FD459E,或鲜山味大酒店,,114.34101,30.98966,217,0027,None,19 217,旅馆招待所,8008642011601000000,罗汉寺街区,黄陂区,4,4,0,0,2402
10,B2094452D66BA5F4409D,研子占家田湾,湖北省武汉市黄陂区研子,114.34098551432,30.98581108941,627,0027,42,601 627,一般地点标志,8008642011601000000,罗汉寺街区,黄陂区,1,1,1,0,2497
