1,B2094452DA6EA7FB4999,一点也舍不得走的武汉,湖北省武汉市江夏区107国道,114.36454399957,30.061047363281,627,0027,42,601 627,一般地点标志,8008642011502000000,山坡乡,江夏区,0,0,0,0,191
2,B2094752D06EA3F9479C,中南路地铁站,None,114.368208,30.071708,36,0027,None,19 36,地铁站,8008642011502000000,山坡乡,江夏区,3,3,2,0,1075
3,B2094453DA6AAAF54299,贺胜桥农家土鸡汤,贺站附近江夏区,114.3558,30.05482,81,0027,None,64 69 81,湖北菜,,,,1,1,0,0,1282
4,B2094453DA6AA0F4439F,贺胜桥俊辉土鸡汤馆,贺站附近江夏区,114.356224,30.054968,81,0027,None,64 69 81,湖北菜,,,,0,0,0,0,1240
5,B2094451D464A7FE479F,武汉市艺之光雕塑工程有限公司,湖北省武汉市江夏区107国道,114.35668619792,30.070712619358,263,0027,42,258 263,公司,8008642011502000000,山坡乡,江夏区,1,1,1,0,1298
6,B209445CD76EA6F84999,东湖综合保税区,湖北省武汉市洪山区,114.358063,30.05186,45,0027,42,44 45,产业园区,,,,0,0,0,0,1384
7,B2094453DA6BA1FE449F,王老六土菜馆,贺站附近江夏区,114.356316,30.05109,81,0027,None,64 69 81,湖北菜,,,,0,0,0,0,1551
8,B2094453DA6BA3FC409C,贺胜桥和平特色土鸡汤,纸贺路张王家4号,114.358696,30.049337,86,0027,None,64 69 86,火锅店,,,,0,0,0,0,1599
9,B2094451DB64A0FE4993,湖北省武汉市武昌火车站,湖北省武汉市江夏区107国道,114.352354,30.070198,627,0027,42,601 627,一般地点标志,8008642011502000000,山坡乡,江夏区,2,2,2,0,1581
10,B2094655D465A5FF429B,武汉市公安局江夏区分局交巡警大队贺站中队,,114.35985,30.04541,248,0027,None,169 248,生活娱乐,8008642011502000000,山坡乡,江夏区,1,1,0,0,1965
11,B2094452DA6BA0FB469F,咸宁市中辉国际广场美蒂健身会所,湖北省咸宁咸宁大道118号,114.38668185764,30.064392632378,248,0027,42,169 248,生活娱乐,,,,0,0,0,0,2011
12,B2094452DA6BA0FB4599,咸宁中辉国际广场美蒂健身会所,湖北省武汉市江夏区107国道,114.387465,30.065293,248,0027,42,169 248,生活娱乐,,,,0,0,0,0,2099
13,B2094451D46CABF5479B,天河机场,湖北省武汉市江夏区107国道,114.35926161024,30.044699707031,627,0027,42,601 627,一般地点标志,8008642011502000000,山坡乡,江夏区,1,1,1,0,2058
14,B2094655D465A5FF4298,广州本田友芝友贺站希望中学,,114.36402,30.04297,55,0027,None,51 55,中学,8008642011502000000,山坡乡,江夏区,8,8,4,0,2154
15,B2094655D56EA5F44292,贺站桥,,114.35897,30.04352,250,0027,None,194 250,公园户外,8008642011502000000,山坡乡,江夏区,15,15,3,0,2191
16,B2094453DA6BA7F44393,红太阳饭庄,贺胜桥街442号,114.364105,30.042913,81,0027,None,64 69 81,湖北菜,,,,0,0,0,0,2160
17,B2094453DA6BA0FD489F,贺胜桥和平沙罐土鸡汤,贺站桥附近江夏区,114.35863,30.04391,81,0027,None,64 69 81,湖北菜,,,,0,0,0,0,2160
18,B2094453DA6BA1FE449C,永安餐厅,贺胜桥街382号,114.364944,30.04172,81,0027,None,64 69 81,湖北菜,,,,0,0,0,0,2287
19,B2094453DA6AA0FC4599,郭记农家特色土鸡汤,贺站桥附近江夏区,114.3608,30.042175,81,0027,None,64 69 81,湖北菜,,,,0,0,0,0,2289
20,B2094454D065AAF94892,武汉市,湖北省 武汉市 武昌火车站,114.34951,30.078758,627,0027,42,601 627,一般地点标志,8008642011502000000,山坡乡,江夏区,57,58,43,0,2427
21,B209475CD26DA1F44693,江夏山坡星明营业厅,冮夏山坡星明街营业厅,114.358291,30.082841,249,0027,42,115 249,购物服务,8008642011502000000,山坡乡,江夏区,1,1,0,0,2408
