1,B2094451D065ABFD4398,富思特集团会所,湖北省孝感市云梦县曲湖路,113.78619,31.015049,627,0712,42,601 627,一般地点标志,8008642092307000000,县经济开发区,云梦县,0,0,0,0,1266
2,B2094453D264A4F54699,吴铺镇曲湖土库,湖北省孝感市云梦县316国道,113.78858018663,31.012262369792,627,0712,42,601 627,一般地点标志,,,,1,1,0,0,1360
3,B2094652D76EA1FF4298,吴铺小学,,113.79965,31.03635,56,0712,None,51 56,小学,8008642092309000000,吴铺镇,云梦县,0,0,0,0,1561
4,B2094652D76EA1FF429E,云梦县公安局吴铺派出所,,113.80157,31.03578,609,0712,None,44 609,警察局,8008642092309000000,吴铺镇,云梦县,0,0,0,0,1552
5,B2094453D269AAFA429F,云梦黄香高中,湖北省孝感市云梦县,113.814498,31.020941,52,0712,42,51 52,高等院校,,,,1,1,0,0,1771
6,B2094652D76EA1FF429C,吴铺中学,,113.8071,31.03659,55,0712,None,51 55,中学,8008642092309000000,吴铺镇,云梦县,27,54,19,0,1875
7,B2094652D76EA1FF4293,陈赵古墓群,,113.77715,31.02443,250,0712,None,194 250,公园户外,8008642092309000000,吴铺镇,云梦县,0,0,0,0,1813
8,B2094451DA6EA3FB4993,weixin:zisemeihuo,湖北省孝感市云梦县建设路,113.77401475694,31.02088812934,627,0712,42,601 627,一般地点标志,8008642092309000000,吴铺镇,云梦县,1,1,1,0,2110
9,B2094652D76EA1FF4292,楚王城遗址,孝感市云梦县城东郊,113.80295,31.04211,250,0712,None,194 250,公园户外,8008642092309000000,吴铺镇,云梦县,0,0,0,0,2262
10,B2094652D76EA1FF4192,桃园酒楼,,113.77102,31.02175,70,0712,None,64 69 70,综合酒楼,8008642092309000000,吴铺镇,云梦县,4,5,2,0,2389
11,B2094451D56AAAF8469E,东方红花园,湖北省孝感市云梦县云吴路,113.77309271918,31.029482150608,627,0712,42,601 627,一般地点标志,8008642092309000000,吴铺镇,云梦县,4,4,4,0,2317
12,B2094452D069A4FF459B,云梦康辉旅行社,湖北省孝感市云梦县建设路,113.77001925998,31.024761284722,170,0712,42,169 170,KTV,8008642092309000000,吴铺镇,云梦县,1,1,1,0,2493
13,B2094453D46CABFC499B,三湖大酒店,湖北省孝感市云梦县云吴路,113.77023925781,31.025770670573,170,0712,42,169 170,KTV,,,,1,1,0,0,2485
14,B2094452D769A5FF4198,百步塔,湖北省孝感市云梦县建设路,113.77100423177,31.025012749566,607,0712,42,194 607,一般景点,8008642092309000000,吴铺镇,云梦县,1,1,0,0,2402
15,B2094452D16DA1FB469F,隆盛华府,湖北省孝感市云梦县建设路,113.77067952474,31.02442843967,627,0712,42,601 627,一般地点标志,8008642092309000000,吴铺镇,云梦县,1,2,2,0,2427
16,B2094452D168A5F5449C,安徽滁州,湖北省孝感市云梦县建设路,113.77056477865,31.023861490885,627,0712,42,601 627,一般地点标志,8008642092309000000,吴铺镇,云梦县,0,0,0,0,2434
17,B209445CD665ABF94692,云梦三湖度假村,湖北省孝感市云梦县建设路,113.771103,31.027265,627,0712,42,601 627,一般地点标志,,,,0,0,0,0,2433
