1,B2094453D26BA5FC4198,孝感古镇汽车影院,湖北省孝感市孝南区,113.94805,31.02543,178,0712,42,169 178,电影院,,,,0,0,0,0,379
2,B2094753D168A0FF439D,乐万家超市,孝昌县107国道(孝昌县医院路口),113.94522,31.018772,117,0712,None,115 117,便民商店/便利店,8008642090201000000,朋兴乡,孝南区,1,1,0,0,437
3,B2094451D66FABFB4793,金卉庄园,湖北省孝感市孝南区北京路,113.94680474175,31.016716308594,195,0712,42,194 195,游乐场,8008642090201000000,朋兴乡,孝南区,11,11,11,0,671
4,B2094451D06AA1FD4493,凯撒.至尊国际,湖北省孝感市孝南区交通西路,113.94543212891,31.016105414497,170,0712,42,169 170,KTV,8008642090201000000,朋兴乡,孝南区,3,3,3,0,731
5,B2094453D26AA3FA449B,丹阳古镇,湖北省孝感市孝南区北京路,113.95482042101,31.020233289931,628,0712,42,601 628,著名地点,,,,2,2,1,0,909
6,B2094452DA64A1F5489C,孝感金卉庄园,湖北省孝感市孝南区北京路,113.94596218533,31.011906738281,198,0712,42,194 198,植物园,,,,12,13,10,0,1198
7,B2094453D36EA3F9449F,金卉庄园,湖北省孝感市孝南区北京路,113.95001274957,31.010334472656,195,0712,42,194 195,游乐场,,,,1,1,1,0,1433
8,B2094453D36DA6FD4492,金卉庄园,湖北省孝感市孝南区北京路,113.94764350043,31.009572482639,195,0712,42,194 195,游乐场,,,,0,0,0,0,1469
9,B2094453D36DA6FD4499,金卉庄园,湖北省孝感市孝南区北京路,113.94764350043,31.009572482639,195,0712,42,194 195,游乐场,,,,0,0,0,0,1469
10,B2094452D46EA7F4499C,和平二,湖北省孝感市孝南区孝花线,113.933483,31.030369,627,0712,42,601 627,一般地点标志,8008642090201000000,朋兴乡,孝南区,0,0,0,0,1449
11,B2094455DA65A7FE499E,孝感市朋兴店丹阳古镇,湖北省 孝感市 孝感市朋兴店路,113.936,31.03779,627,0712,42,601 627,一般地点标志,8008642090217000000,肖港镇,孝南区,8,8,6,0,1922
12,B2094652D76EA6FB469F,孝感北收费站,,113.94158,31.04379,267,0712,None,19 267,收费站,8008642090217000000,肖港镇,孝南区,63,69,26,0,2384
13,B2094452D665A7F84892,丹阳古镇,湖北省孝感市孝南区朋兴乡,113.9530984158,31.002454698351,45,0712,42,44 45,产业园区,8008642090201000000,朋兴乡,孝南区,5,5,4,0,2358
