1,B2094451D16FA7F4479C,天符庙,湖北省孝感市孝南区310省道,114.125015,31.024105,45,0712,42,44 45,产业园区,8008642090210000000,杨店镇,孝南区,1,1,0,0,203
2,B2094454D16BA5F8459B,天姿生态农庄,湖北省 孝感市 孝感,114.12294,31.02449,251,0712,42,19 251,出行住宿,8008642090210000000,杨店镇,孝南区,5,12,12,0,381
3,B2094452D16CA3FD409A,鑫源酒楼,湖北省孝感市孝南区310省道,114.11999810113,31.026394314236,257,0712,42,64 69 257,中餐厅,8008642090210000000,杨店镇,孝南区,1,1,1,0,732
4,B2094453D26FA6FF489A,轻悠阿胶糕,湖北省孝感市孝南区310省道,114.1232172309,31.015636121962,627,0712,42,601 627,一般地点标志,,,,1,1,1,0,837
5,B2094453D26FA6FF419A,轻悠阿胶  一箱开启创业梦想,湖北省孝感市孝南区310省道,114.1232172309,31.015636121962,627,0712,42,601 627,一般地点标志,,,,1,1,1,0,837
6,B2094453D26FA3FF4598,轻悠,湖北省孝感市孝南区310省道,114.12338378906,31.015757107205,627,0712,42,601 627,一般地点标志,,,,1,1,1,0,819
7,B2094451D168A3F5499E,小辣椒川菜馆,湖北省孝感市孝南区310省道,114.11659505208,31.023087836372,257,0712,42,64 69 257,中餐厅,8008642090210000000,杨店镇,孝南区,0,0,0,0,929
8,B2094452D469A5FB449D,孝昌县丰山镇,湖北省孝感市孝南区310省道,114.11619,31.021512,627,0712,42,601 627,一般地点标志,8008642090210000000,杨店镇,孝南区,0,0,0,0,975
9,B2094652D76EA6FF479A,孝感市孝南区杨店农村信用合作社,,114.11596,31.0251,150,0712,None,19 150,银行,8008642090210000000,杨店镇,孝南区,67,133,56,0,1025
10,B2094450DB68AAFD4298,杨店中学,湖北省 孝感市 湖北省孝感市孝南区杨店镇,114.1172,31.02783,253,0712,42,51 253,校园生活,8008642090210000000,杨店镇,孝南区,2,2,0,0,1043
11,B2094452D468ABFF4199,杨店镇福利院,湖北省孝感市孝南区310省道,114.115261773,31.025602756076,252,0712,42,44 252,楼宇机构,8008642090210000000,杨店镇,孝南区,1,1,1,0,1104
12,B2094451D66CABF54393,卓尔,湖北省孝感市孝南区310省道,114.11754909939,31.029376898872,627,0712,42,601 627,一般地点标志,8008642090210000000,杨店镇,孝南区,0,0,0,0,1121
13,B2094652D76EA6FF4693,上海华联超市,,114.11354,31.02633,118,0712,None,115 118,超级市场,8008642090210000000,杨店镇,孝南区,38,49,19,0,1285
14,B2094451D569A1F9489E,银河里的鹿晗星,湖北省孝感市孝南区310省道,114.11350016276,31.025770128038,628,0712,42,601 628,著名地点,8008642090210000000,杨店镇,孝南区,1,1,1,0,1271
15,B2094452D265A5F4429D,孝感市 杨店镇桃园铭府,湖北省孝感市孝南区310省道,114.11352403429,31.024460991753,627,0712,42,601 627,一般地点标志,8008642090210000000,杨店镇,孝南区,1,1,1,0,1237
16,B2094451DA6AA2F54698,贝贝熊折扣店,湖北省孝感市孝南区310省道,114.11271402995,31.025942925347,116,0712,42,115 116,特色商业街,8008642090210000000,杨店镇,孝南区,0,0,0,0,1348
17,B2094652D76EA6FF4692,孝感市第二人民医院,杨店镇,114.11164,31.02587,162,0712,None,19 162,医院,8008642090210000000,杨店镇,孝南区,60,77,27,0,1445
18,B2094451D16FA2FE4293,长江大学西校区,湖北省荆州市荆秘路88号,114.11198594835,31.02605061849,52,0712,42,51 52,高等院校,8008642090210000000,杨店镇,孝南区,0,0,0,0,1418
19,B2094451D46AA2F4439B,凤翔苑,湖北省孝感市孝南区310省道,114.112964,31.028967,47,0712,42,44 47,住宅区,8008642090210000000,杨店镇,孝南区,0,0,0,0,1454
20,B2094452D76DA7FD4299,孝感一中,孝感市槐荫大道,114.11167236328,31.025353461372,627,0712,42,601 627,一般地点标志,8008642090210000000,杨店镇,孝南区,0,0,0,0,1429
21,B2094453D268A6FD459C,东大市场西,湖北省孝感市孝南区310省道,114.111809,31.02527,627,0712,42,601 627,一般地点标志,,,,0,0,0,0,1414
22,B2094451D168A3F54999,孝南区杨店镇花杨路9号,湖北省孝感市孝南区310省道,114.11082519531,31.025136176215,257,0712,42,64 69 257,中餐厅,8008642090210000000,杨店镇,孝南区,0,0,0,0,1503
23,B2094451D765A3FA499A,桃花驿灯饰,湖北省孝感市孝南区310省道,114.109087,31.023207,628,0712,42,601 628,著名地点,8008642090210000000,杨店镇,孝南区,0,0,0,0,1645
24,B2094451D765A3FA499F,杨店桃花驿灯饰,湖北省孝感市孝南区310省道,114.10948350694,31.025257703993,627,0712,42,601 627,一般地点标志,8008642090210000000,杨店镇,孝南区,1,1,1,0,1632
25,B2094453D36AA7FA419E,轻悠 创造可能,湖北省孝感市孝南区310省道,114.1232039388,31.007246365017,627,0712,42,601 627,一般地点标志,,,,1,1,1,0,1742
26,B2094452D264A4FC419F,绵绣家园,湖北省孝感市孝南区310省道,114.10811876085,31.022984754774,627,0712,42,601 627,一般地点标志,8008642090210000000,杨店镇,孝南区,0,0,0,0,1737
27,B2094453D26FA4FB419A,轻悠给孩子更好的爱,湖北省孝感市孝南区310省道,114.1245686849,31.005672743056,627,0712,42,601 627,一般地点标志,,,,1,1,1,0,1899
28,B2094452D265A5F4419D,桃园铭府,湖北省孝感市孝南区310省道,114.10774658203,31.026508789063,627,0712,42,601 627,一般地点标志,8008642090210000000,杨店镇,孝南区,0,0,0,0,1823
29,B2094452DA64A7F4459F,孝感市桃花驿小学,湖北省孝感市孝南区310省道,114.10390896267,31.026525878906,56,0712,42,51 56,小学,,,,0,0,0,0,2181
30,B2094451D66AA3FD499B,杨店,湖北省孝感市孝南区310省道,114.10175482856,31.022676595052,208,0712,42,194 208,休闲场所,8008642090210000000,杨店镇,孝南区,2,2,1,0,2343
