1,B2094451D66DA7FF4893,武汉市卧虎仿古砖瓦厂,湖北省武汉市黄陂区,114.396372,31.026265,627,0027,42,601 627,一般地点标志,8008642011610000000,王家河街区,黄陂区,1,1,0,0,409
2,B2094451D069A5F94999,黄陂区木兰山武术学校,湖北省武汉市黄陂区,114.39030381944,31.029010416667,627,0027,42,601 627,一般地点标志,8008642011601000000,罗汉寺街区,黄陂区,1,1,1,0,861
3,B2094452D065A6FD499F,木兰乡谌寨村,湖北省武汉市黄陂区,114.38991753472,31.028923068576,627,0027,42,601 627,一般地点标志,8008642011601000000,罗汉寺街区,黄陂区,0,0,0,0,875
4,B2094452D56AA3FF469C,木兰乡,湖北省武汉市黄陂区,114.39228352865,31.031433919271,627,0027,42,601 627,一般地点标志,8008642011601000000,罗汉寺街区,黄陂区,1,1,1,0,1022
5,B2094453D36FABFD429D,木兰乡,湖北省武汉市黄陂区,114.38437689887,31.028976508247,627,0027,42,601 627,一般地点标志,,,,1,2,1,0,1271
6,B2094452D565AAFE459A,黄妙应,湖北省武汉市黄陂区,114.3876,31.009032,627,0027,42,601 627,一般地点标志,8008642011610000000,王家河街区,黄陂区,1,1,0,0,1694
7,B2094750DB68AAF4499E,大余湾,武汉市黄陂区大余湾村,114.375823,31.024862,500,0027,None,500,未知分类,8008642011601000000,罗汉寺街区,黄陂区,79,97,85,0,1891
8,B2094453D268ABFC419E,木兰山,湖北省武汉市黄陂区,114.39733289931,31.039789496528,627,0027,42,601 627,一般地点标志,,,,1,2,2,0,1914
9,B2094453D268ABFC439E,木兰乡,湖北省武汉市黄陂区,114.39733289931,31.039789496528,627,0027,42,601 627,一般地点标志,,,,0,0,0,0,1914
10,B2094452D264A4F4449D,大余湾,武汉市黄陂区木兰乡双泉村,114.374008178711,31.0272388458252,239,0027,None,194 239,世界遗产,8008642011601000000,罗汉寺街区,黄陂区,4,4,4,0,2110
11,B2094453DA6AA0FC429F,快快乐乐,凤凰村80号,114.38587,31.00547,268,0027,None,64 268,自助,,,,0,0,0,0,2123
