1,B2094451DB6EABFE4693,黄香公园,湖北省孝感市云梦县黄香大道,113.7440218099,31.048124186198,195,0712,42,194 195,游乐场,8008642092309000000,吴铺镇,云梦县,1,1,1,0,902
2,B209445CD66FA2F8489B,景胜农庄,湖北省孝感市云梦县316国道,113.74741238064,31.048024902344,185,0712,42,169 185,会展中心,,,,1,1,1,0,1186
3,B2094453D764ABF4479E,云梦益嘉,湖北省孝感市云梦县316国道,113.72375678168,31.055868326823,627,0712,42,601 627,一般地点标志,,,,0,0,0,0,1244
4,B209475CDB6EA3FC4998,孝感云梦曼谷花语假日酒店,云梦县楚王城大道275号(316国道旁),113.7440112,31.04242545,214,0712,None,19 214,四星级宾馆,8008642092301000000,云梦县城关镇,云梦县,2,2,0,0,1371
5,B2094452D36AA6FD479F,白云机构,湖北省孝感市云梦县316国道白云教育,113.75153238932,31.053476833767,45,0712,42,44 45,产业园区,8008642092309000000,吴铺镇,云梦县,1,9,9,0,1454
6,B2094452D36DA6F94599,云梦县发源时代小区,湖北省孝感市云梦县楚王城大道,113.74633707682,31.040409071181,47,0712,42,44 47,住宅区,8008642092301000000,云梦县城关镇,云梦县,1,1,1,0,1680
7,B2094451D568A0FD4893,发源时代,湖北省孝感市云梦县楚王城大道,113.74738850911,31.041418728299,251,0712,42,19 251,出行住宿,8008642092309000000,吴铺镇,云梦县,0,0,0,0,1651
8,B2094452D36DA6FE4193,云梦县万维广场二楼尚品宫时尚烤肉店,湖北省孝感市云梦县建设路,113.746204,31.039708,268,0712,42,64 268,自助,8008642092301000000,云梦县城关镇,云梦县,1,1,1,0,1738
9,B2094452D36DA6FD4998,云梦县发源时代,湖北省孝感市云梦县楚王城大道,113.747116,31.040029,47,0712,42,44 47,住宅区,8008642092301000000,云梦县城关镇,云梦县,2,2,1,0,1758
10,B2094452D36DA7F54498,云梦发源时代,湖北省孝感市云梦县楚王城大道,113.747186,31.039643,219,0712,42,19 219,其他,8008642092301000000,云梦县城关镇,云梦县,0,0,0,0,1797
11,B2094652D76EA1FD4998,玉丰国际大酒店,云梦县楚王城大道275号,113.74817,31.03727,250,0712,None,194 250,公园户外,8008642092301000000,云梦县城关镇,云梦县,562,912,430,0,2068
12,B2094453D265ABFC4192,湖北省孝感市云梦县柴火,湖北省孝感市云梦县楚王城大道1号,113.747135,31.039288,65,0712,42,64 65,咖啡厅,,,,1,1,0,0,1826
13,B2094652D76EA1FE4098,湖北省云梦县第一中学,云梦县城总镇梦泽大道201号,113.74464,31.03565,55,0712,None,51 55,中学,8008642092301000000,云梦县城关镇,云梦县,342,918,317,0,2070
14,B2094453D265ABFC459A,湖北省孝感市云梦县柴,湖北省孝感市云梦县刘畈路1号,113.7470703125,31.037639702691,65,0712,42,64 65,咖啡厅,,,,1,1,0,0,1977
15,B209445CD66AA4FA469D,白云世纪城,湖北省孝感市云梦县楚王城大道,113.74766059028,31.0383984375,252,0712,42,44 252,楼宇机构,,,,1,1,0,0,1936
16,B2094452D16CAAFC4299,翰林苑,湖北省孝感市云梦县梦泽大道,113.74444769965,31.03688422309,627,0712,42,601 627,一般地点标志,8008642092301000000,云梦县城关镇,云梦县,1,1,0,0,1936
17,B2094453D46CA5F44199,云梦县青云学校,湖北省孝感市云梦县梦泽大道,113.744852,31.035791,253,0712,42,51 253,校园生活,,,,1,1,1,0,2063
18,B2094451D46AA0FB4393,白云家广场,湖北省孝感市云梦县白云商贸建材城,113.74856906467,31.035598958333,45,0712,42,44 45,产业园区,8008642092301000000,云梦县城关镇,云梦县,0,0,0,0,2245
19,B2094452D264A7FF4193,雅庭花园,湖北省孝感市云梦县梦泽大道,113.74064643012,31.03260796441,606,0712,42,19 606,社区服务,8008642092301000000,云梦县城关镇,云梦县,0,0,0,0,2288
20,B2094453D26BABFA449C,云梦楚农商村镇银行,湖北省孝感市云梦县楚王城大道,113.748878,31.035908,622,0712,42,258 622,医疗健康类公司,,,,1,1,1,0,2232
21,B2094451D46AA0F94393,白云商贸建材城,湖北省孝感市云梦县白云建材城,113.74856906467,31.035598958333,627,0712,42,601 627,一般地点标志,8008642092301000000,云梦县城关镇,云梦县,1,1,0,0,2245
22,B2094452D66FA4F44393,天赐大酒店,湖北省孝感市云梦县楚王城大道,113.74894992405,31.035850423177,627,0712,42,601 627,一般地点标志,8008642092301000000,云梦县城关镇,云梦县,1,1,1,0,2241
23,B2094652D76EA1FE489A,云梦恒通运业,,113.73996,31.03162,248,0712,None,169 248,生活娱乐,8008642092301000000,云梦县城关镇,云梦县,0,0,0,0,2386
24,B2094652D76EA1FD499F,云梦县行政学校,,113.74988,31.03407,55,0712,None,51 55,中学,8008642092301000000,云梦县城关镇,云梦县,24,25,7,0,2456
25,B2094652D76EA1FD499E,孝感市楚天职业学校,楚王城大道328,113.74987,31.03407,55,0712,None,51 55,中学,8008642092301000000,云梦县城关镇,云梦县,23,52,26,0,2455
26,B2094451DA69A3FF4193,韩国首尔,首尔市龙山区南山公园路3号 서울특별시 용산구 남산공원길 3 (후암동),113.74720513238,31.0331640625,195,0712,42,194 195,游乐场,8008642092301000000,云梦县城关镇,云梦县,1,8,8,0,2422
27,B2094652D76EA1FD4993,碧海蓝天商务会馆,,113.74521,31.03214,250,0712,None,194 250,公园户外,8008642092301000000,云梦县城关镇,云梦县,0,0,0,0,2454
28,B2094451D66CA7FF469D,芊面女郎韩版时尚女装,湖北省孝感市云梦县316国道,113.73150824653,31.074644097222,141,0712,42,115 141,服装鞋帽皮具店,8008642092312000000,义堂镇,云梦县,1,1,1,0,2472
29,B2094652D76EA1FD499C,中共云梦县委党校,,113.74986,31.03407,253,0712,None,51 253,校园生活,8008642092301000000,云梦县城关镇,云梦县,1,1,1,0,2455
30,B2094453D26BA4FB489C,云梦县义堂镇双龙村塔字何,湖北省孝感市云梦县316国道,113.740519477,31.074965820312,627,0712,42,601 627,一般地点标志,,,,1,1,1,0,2498
31,B2094452D464A0FF4493,云梦县殡仪馆,湖北省孝感市云梦县316国道,113.72051540799,31.069619140625,627,0712,42,601 627,一般地点标志,8008642092312000000,义堂镇,云梦县,1,1,1,0,2401
