1,B2094453D26FA2F5409D,云梦县吴铺镇大塘村中邱,湖北省孝感市云梦县云吴路,113.775924,31.049254,627,0712,42,601 627,一般地点标志,,,,1,1,1,0,1041
2,B2094452D36AA6FD479F,白云机构,湖北省孝感市云梦县316国道白云教育,113.75153238932,31.053476833767,45,0712,42,44 45,产业园区,8008642092309000000,吴铺镇,云梦县,1,9,9,0,1365
3,B209445CD66AAAFE4298,吴铺镇长辛村11组,湖北省孝感市云梦县316国道,113.77257758247,31.064828016493,627,0712,42,601 627,一般地点标志,,,,1,1,0,0,1484
4,B2094453D26FA2F44798,云梦县吴铺镇大塘村中邱,湖北省孝感市云梦县云吴路,113.78312934028,31.056610514323,628,0712,42,601 628,著名地点,,,,0,0,0,0,1703
5,B209445CD66FA2F8489B,景胜农庄,湖北省孝感市云梦县316国道,113.74741238064,31.048024902344,185,0712,42,169 185,会展中心,,,,1,1,1,0,1836
6,B2094451DB6EABFE4693,黄香公园,湖北省孝感市云梦县黄香大道,113.7440218099,31.048124186198,195,0712,42,194 195,游乐场,8008642092309000000,吴铺镇,云梦县,1,1,1,0,2145
7,B2094452D36DA3FB4499,湖北省顺盛皮草服饰有限公司,湖北省孝感市云梦县吴铺镇杨店皮草园,113.75536132813,31.07024359809,259,0712,42,258 259,工厂,8008642092309000000,吴铺镇,云梦县,1,7,6,0,2181
8,B2094451D568A0FD4893,发源时代,湖北省孝感市云梦县楚王城大道,113.74738850911,31.041418728299,251,0712,42,19 251,出行住宿,8008642092309000000,吴铺镇,云梦县,0,0,0,0,2169
9,B2094652D76EA1FD4998,玉丰国际大酒店,云梦县楚王城大道275号,113.74817,31.03727,250,0712,None,194 250,公园户外,8008642092301000000,云梦县城关镇,云梦县,562,912,430,0,2415
10,B2094452D36DA6FD4998,云梦县发源时代,湖北省孝感市云梦县楚王城大道,113.747116,31.040029,47,0712,42,44 47,住宅区,8008642092301000000,云梦县城关镇,云梦县,2,2,1,0,2283
11,B209445CD66AA6F94593,汤店村,湖北省孝感市云梦县云吴路,113.78760118273,31.059477539062,627,0712,42,601 627,一般地点标志,,,,1,4,0,0,2204
12,B2094452D36DA6FE4193,云梦县万维广场二楼尚品宫时尚烤肉店,湖北省孝感市云梦县建设路,113.746204,31.039708,268,0712,42,64 268,自助,8008642092301000000,云梦县城关镇,云梦县,1,1,1,0,2374
13,B2094453D265ABFC4192,湖北省孝感市云梦县柴火,湖北省孝感市云梦县楚王城大道1号,113.747135,31.039288,65,0712,42,64 65,咖啡厅,,,,1,1,0,0,2334
14,B2094452D36DA6F94599,云梦县发源时代小区,湖北省孝感市云梦县楚王城大道,113.74633707682,31.040409071181,47,0712,42,44 47,住宅区,8008642092301000000,云梦县城关镇,云梦县,1,1,1,0,2316
15,B209475CDB6EA3FC4998,孝感云梦曼谷花语假日酒店,云梦县楚王城大道275号(316国道旁),113.7440112,31.04242545,214,0712,None,19 214,四星级宾馆,8008642092301000000,云梦县城关镇,云梦县,2,2,0,0,2381
16,B209445CD66AA4FA469D,白云世纪城,湖北省孝感市云梦县楚王城大道,113.74766059028,31.0383984375,252,0712,42,44 252,楼宇机构,,,,1,1,0,0,2362
17,B2094452D36DA7F54498,云梦发源时代,湖北省孝感市云梦县楚王城大道,113.747186,31.039643,219,0712,42,19 219,其他,8008642092301000000,云梦县城关镇,云梦县,0,0,0,0,2305
18,B2094453D265ABFC459A,湖北省孝感市云梦县柴,湖北省孝感市云梦县刘畈路1号,113.7470703125,31.037639702691,65,0712,42,64 65,咖啡厅,,,,1,1,0,0,2461
19,B2094453D26BABFA449C,云梦楚农商村镇银行,湖北省孝感市云梦县楚王城大道,113.748878,31.035908,622,0712,42,258 622,医疗健康类公司,,,,1,1,1,0,2482
20,B2094452D66FA4F44393,天赐大酒店,湖北省孝感市云梦县楚王城大道,113.74894992405,31.035850423177,627,0712,42,601 627,一般地点标志,8008642092301000000,云梦县城关镇,云梦县,1,1,1,0,2482
