1,B2094453DA6AA6F8459B,八方缘酒店,泡丰加油站北侧,114.2121,31.056164,81,0027,None,64 69 81,湖北菜,,,,0,0,0,0,499
2,B2094453D26FA5FE4399,泡桐加油站鑫盛驾校,湖北省武汉市黄陂区齐石大街,114.21717312283,31.048840060764,627,0027,42,601 627,一般地点标志,,,,0,0,0,0,468
3,B2094452D06EA5F5419D,雲雾山野郊公园,湖北省武汉市黄陂区齐石大街,114.222714,31.051463,170,0027,42,169 170,KTV,8008642011615000000,李集街区,黄陂区,1,1,0,0,697
4,B2094452D06EA2FD459F,黄陂区泡桐第二中学,湖北省武汉市黄陂区东升路,114.207006,31.057192,55,0027,42,51 55,中学,8008642011615000000,李集街区,黄陂区,0,0,0,0,952
5,B2094453D269A2FB409B,泡桐二中,湖北省武汉市黄陂区齐石大街,114.2068508572,31.058458116319,52,0027,42,51 52,高等院校,,,,1,1,1,0,1043
6,B2094452D06DA5FD4799,欢乐谷,湖北省武汉市黄陂区齐石大街,114.219971,31.04241,195,0027,42,194 195,游乐场,8008642011615000000,李集街区,黄陂区,0,0,0,0,1232
7,B2094451D164A1F9439F,三草两木有机护肤 0添加 0污染,湖北省武汉市黄陂区齐石大街,114.211272,31.067853,116,0027,42,115 116,特色商业街,8008642011615000000,李集街区,黄陂区,1,1,1,0,1723
8,B2094453D26FAAF54398,泡桐街萍萍副食,湖北省武汉市黄陂区齐石大街,114.21140489366,31.069107801649,117,0027,42,115 117,便民商店/便利店,,,,1,1,1,0,1856
9,B2094453DA6AA6F5439C,精美蛋糕,泡桐大道,114.21002,31.070093,112,0027,None,64 112,糕饼店,,,,0,0,0,0,1995
10,B2094655D46CA2FD4092,泡桐店集贸市场,,114.20848,31.07058,123,0027,None,115 123,家具建材市场,8008642011615000000,李集街区,黄陂区,42,51,14,0,2090
11,B2094453DA6BA7FB4699,稻香村酒楼,泡桐街199号,114.208084,31.071308,81,0027,None,64 69 81,湖北菜,,,,0,0,0,0,2179
12,B2094655D46CA2FD4193,中国太平洋人寿保险股份有限公司,,114.20782,31.07183,219,0027,None,19 219,其他,8008642011615000000,李集街区,黄陂区,0,0,0,0,2242
13,B2094453DA6BA6FB459E,祥云酒家,李集镇泡桐街,114.20684,31.072556,81,0027,None,64 69 81,湖北菜,,,,0,0,0,0,2350
