1,B209445CD665A4FB4998,卡诺美妆,湖北省黄冈市红安县大岔路,114.575821,31.053479,116,0713,42,115 116,特色商业街,,,,1,1,1,0,145
2,B209445CD669A3F9499C,梦馨宾馆,湖北省黄冈市红安县G42沪蓉高速入口,114.572793,31.051431,217,0713,42,19 217,旅馆招待所,,,,1,1,1,0,263
3,B2094452D765AAFC489B,湖北省红安县工业园区,湖北省黄冈市红安县G42沪蓉高速出口,114.57323649089,31.053552246094,627,0713,42,601 627,一般地点标志,8008642112207000000,觅儿寺镇,红安县,1,1,0,0,253
4,B2094451D769A4FB429F,明德小学,湖北省黄冈市红安县G42沪蓉高速入口,114.573175,31.051241,627,0713,42,601 627,一般地点标志,8008642112207000000,觅儿寺镇,红安县,0,0,0,0,238
5,B2094453D66DA7FD4799,红安县公安局,湖北省黄冈市红安县,114.57379747179,31.057645128038,259,0713,42,258 259,工厂,,,,1,1,0,0,622
6,B2094451D56EA7FD489A,红安觅儿寺镇新产业园,湖北省黄冈市红安县G42沪蓉高速入口,114.57570855035,31.045205078125,259,0713,42,258 259,工厂,8008642112207000000,觅儿寺镇,红安县,3,3,1,0,783
7,B2094452D664A1FF4698,鑫聚来超市,湖北省黄冈市红安县大岔路,114.579998,31.058718,117,0713,42,115 117,便民商店/便利店,8008642112207000000,觅儿寺镇,红安县,1,1,1,0,845
8,B2094452D664A5F4419B,黄冈市九洲娱乐城,湖北省黄冈市红安县觅儿镇,114.58085177951,31.058085123698,248,0713,42,169 248,生活娱乐,8008642112207000000,觅儿寺镇,红安县,0,0,0,0,834
9,B2094452D76EA3F9489F,鑫凯足疗会所,湖北省黄冈市红安县大岔路,114.57827392578,31.059598795573,248,0713,42,169 248,生活娱乐,8008642112207000000,觅儿寺镇,红安县,0,0,0,0,865
10,B2094452D66DA5F5439B,中铁一局集团城轨构件有限公司临时办公点,湖北省黄冈市红安县007乡道,114.5805219184,31.044969618056,265,0713,42,258 265,知名企业,8008642112207000000,觅儿寺镇,红安县,1,2,2,0,945
11,B2094452D665A3FB419A,湖北红安,湖北省黄冈市红安县G42沪蓉高速出口,114.56827,31.058675,627,0713,42,601 627,一般地点标志,8008642112207000000,觅儿寺镇,红安县,3,4,2,0,988
12,B2094452D669A7FE489C,中红服装产业园-湖北中红实业有限公司,湖北省黄冈市红安县007乡道,114.58054036458,31.044939778646,640,0713,42,258 640,服装服饰类公司,8008642112207000000,觅儿寺镇,红安县,2,2,2,0,949
13,B2094452D66DA7FA459D,黄商超市,湖北省黄冈市红安县G42沪蓉高速入口,114.567688,31.05888,119,0713,42,115 119,商场,8008642112207000000,觅儿寺镇,红安县,0,0,0,0,1043
14,B209475DD768A2FE409D,衣都金街,湖北省红安县经济开发区新型产业园,114.5714374,31.06127928,47,0713,None,44 47,住宅区,8008642112207000000,觅儿寺镇,红安县,1,1,2,0,1076
15,B2094453D268A0FE4098,红安县人民医院产业园分院,湖北省黄冈市红安县觅金路,114.56786024306,31.059498426649,259,0713,42,258 259,工厂,,,,1,1,1,0,1082
16,B2094652D76FA3FC479A,红安县觅儿寺邮政支局,,114.57026,31.06094,248,0713,None,169 248,生活娱乐,8008642112207000000,觅儿寺镇,红安县,1,1,0,0,1086
17,B2094652D76FA3FC479B,铁路客票邮政订送点(红安县觅儿寺邮政支局),,114.57026,31.06096,248,0713,None,169 248,生活娱乐,8008642112207000000,觅儿寺镇,红安县,0,0,0,0,1088
18,B2094452D365A1F4419D,红安华州光电科技有限公司,湖北省黄冈市红安县109省道,114.58769341363,31.052906629774,259,0713,42,258 259,工厂,8008642112207000000,觅儿寺镇,红安县,1,1,1,0,1176
19,B2094451DA64A7F84793,弘美达幕墙建材公司,湖北省黄冈市红安县109省道,114.58642008464,31.056949869792,259,0713,42,258 259,工厂,8008642112207000000,觅儿寺镇,红安县,1,1,0,0,1176
20,B2094652D76FA3FC4792,李树生超市,,114.56966,31.06268,117,0713,None,115 117,便民商店/便利店,8008642112207000000,觅儿寺镇,红安县,0,0,0,0,1285
21,B2094652D76FA3FC4793,红安县公安局觅儿寺镇派出所,,114.56965,31.06256,609,0713,None,44 609,警察局,8008642112207000000,觅儿寺镇,红安县,1,2,0,0,1274
22,B2094652D76FA3FC479C,中国人寿保险(觅儿卫生院北),,114.56913,31.06274,219,0713,None,19 219,其他,8008642112207000000,觅儿寺镇,红安县,0,0,0,0,1313
23,B2094453D169AAFE4992,红安觅儿工业园长林实验学校,湖北省黄冈市红安县109省道,114.58853814019,31.045850965712,627,0713,42,601 627,一般地点标志,,,,1,1,0,0,1441
24,B2094451D669A5FE4492,江汉路步行街,湖北省武汉市江汉区,114.573224,31.038644,627,0713,42,601 627,一般地点标志,8008642112207000000,觅儿寺镇,红安县,1,1,1,0,1526
25,B2094452D16DA2F94999,佰昌武汉北电商批发城,湖北省黄冈市红安县109省道,114.56512451172,31.067260742188,116,0713,42,115 116,特色商业街,8008642112207000000,觅儿寺镇,红安县,3,5,5,0,1939
26,B2094451D768A3FA479D,觅儿寺镇凉亭新村五期,湖北省黄冈市红安县109省道,114.59546576606,31.050426974826,219,0713,42,19 219,其他,8008642112213000000,八里湾镇,红安县,2,2,0,0,1925
27,B2094452DB6CAAF5419E,湖北佰昌武汉北电商批发城,湖北省黄冈市红安县109省道,114.56511257595,31.068045518663,45,0713,42,44 45,产业园区,,,,1,1,1,0,2015
28,B209445CD66FA1FE4492,品上家居,湖北省黄冈市红安县G42沪蓉高速,114.58404188368,31.033825141059,259,0713,42,258 259,工厂,,,,0,0,0,0,2209
