1,B2094451D66CA7FF469D,芊面女郎韩版时尚女装,湖北省孝感市云梦县316国道,113.73150824653,31.074644097222,141,0712,42,115 141,服装鞋帽皮具店,8008642092312000000,义堂镇,云梦县,1,1,1,0,975
2,B2094453D26BA4FB489C,云梦县义堂镇双龙村塔字何,湖北省孝感市云梦县316国道,113.740519477,31.074965820312,627,0712,42,601 627,一般地点标志,,,,1,1,1,0,918
3,B2094452D56DA0FF459E,外太空,湖北省孝感市云梦县316国道,113.71682020399,31.07389078776,195,0712,42,194 195,游乐场,8008642092312000000,义堂镇,云梦县,1,1,1,0,2085
4,B2094753D469AAFA4198,义堂梦成家电,湖北省孝感市云梦县义堂镇西河街13号,113.717674,31.092197,249,0712,42,115 249,购物服务,8008642092312000000,义堂镇,云梦县,1,1,1,0,2086
5,B2094452D464A0FF4493,云梦县殡仪馆,湖北省孝感市云梦县316国道,113.72051540799,31.069619140625,627,0712,42,601 627,一般地点标志,8008642092312000000,义堂镇,云梦县,1,1,1,0,2070
6,B2094451D66EA4F94798,义堂镇东中学,湖北省孝感市云梦县316国道,113.71601996528,31.090203721788,52,0712,42,51 52,高等院校,8008642092310000000,胡金店镇,云梦县,1,1,0,0,2121
7,B2094452D36DA3FB4499,湖北省顺盛皮草服饰有限公司,湖北省孝感市云梦县吴铺镇杨店皮草园,113.75536132813,31.07024359809,259,0712,42,258 259,工厂,8008642092309000000,吴铺镇,云梦县,1,7,6,0,2264
8,B2094453D26FA5F8419B,云梦恒新学校,湖北省孝感市云梦县316国道,113.71517985026,31.091215549045,627,0712,42,601 627,一般地点标志,,,,0,0,0,0,2242
9,B209445CD664A1FD4593,堕落温馨的床,湖北省孝感市云梦县316国道,113.71497287326,31.090979546441,261,0712,42,19 261,公共厕所,,,,0,0,0,0,2248
10,B2094652D76EA1FD469A,永盛药店,,113.715,31.09322,669,0712,None,19 669,药店,8008642092310000000,胡金店镇,云梦县,13,37,11,0,2363
11,B2094652D76EA1FD4593,义堂康民药店,,113.71461,31.09331,669,0712,None,19 669,药店,8008642092310000000,胡金店镇,云梦县,0,0,0,0,2400
12,B2094652D76EA1FF409A,黄孝坟,,113.71671,31.06838,250,0712,None,194 250,公园户外,8008642092312000000,义堂镇,云梦县,0,0,0,0,2433
13,B2094652D76EA1FD4699,中国农业银行(义堂康民药店西北),,113.71389,31.09399,150,0712,None,19 150,银行,8008642092310000000,胡金店镇,云梦县,2,2,1,0,2498
14,B2094652D76EA6F8499A,中国邮政(义堂康民药店西北),,113.71388,31.09345,248,0712,None,169 248,生活娱乐,8008642092310000000,胡金店镇,云梦县,2,2,2,0,2468
15,B2094451DA6FA7F4489A,义堂馨园小区,湖北省孝感市云梦县316国道,113.71181640625,31.089836425781,627,0712,42,601 627,一般地点标志,8008642092310000000,胡金店镇,云梦县,1,1,1,0,2478
