1,B2094451DA6DA5F5459F,宋埠凤凰农资,湖北省黄冈市106国道,114.84255018446,31.084943305122,644,0713,42,258 644,工农贸易类公司,8008642118117000000,铁门岗乡,麻城市,1,1,0,0,384
2,B209445CD764AAFF4099,麻城市椒老大蔬菜合作社宋埠凤凰农资,湖北省黄冈市麻城市宋埠镇彭店村106国道边,114.847348,31.087321,117,0713,0000,115 117,便民商店/便利店,,,,0,0,0,0,586
3,B209445CD765A7FA409C,麻城市宋埠彭店凤凰农资经营部,湖北省黄冈市宋埠镇彭店村G106国道边,114.84727322049,31.08711859809,263,0713,0000,258 263,公司,,,,1,1,1,0,562
4,B2094451DA65A7F94692,宋埠镇彭店综合商店和凤凰农资店,湖北省黄冈市106国道,114.84739366319,31.087194824219,259,0713,42,258 259,工厂,8008642118117000000,铁门岗乡,麻城市,1,1,0,0,574
5,B2094452D168ABFE499F,彭店凤凰农资,湖北省黄冈市106国道,114.84737711589,31.087184244792,644,0713,42,258 644,工农贸易类公司,8008642118117000000,铁门岗乡,麻城市,1,1,0,0,572
6,B209445CD76AA1F54792,麻城市宋埠镇彭店凤凰商厦,湖北省黄冈市106国道,114.84772542318,31.087325846354,644,0713,42,258 644,工农贸易类公司,,,,1,1,0,0,599
7,B2094452DA69AAFF489C,宋埠彭店凤皇农资,湖北省黄冈市106国道,114.84742621528,31.087189941406,644,0713,42,258 644,工农贸易类公司,,,,1,1,1,0,575
8,B2094452DA69AAFF4899,宋埠彭店凤皇农资,湖北省黄冈市106国道,114.84742621528,31.087189941406,644,0713,42,258 644,工农贸易类公司,,,,0,0,0,0,575
9,B2094452D564ABF94992,麻城市宋埠(彭店)凤凰农资,湖北省黄冈市106国道,114.84738172743,31.087182888455,644,0713,42,258 644,工农贸易类公司,8008642118117000000,铁门岗乡,麻城市,0,0,0,0,572
10,B2094452D769ABFB4592,麻城市大店小学,湖北省黄冈市107乡道,114.849438,31.076839,56,0713,42,51 56,小学,8008642118117000000,铁门岗乡,麻城市,0,0,0,0,735
11,B2094453D26AA0F44699,大棚蔬菜示范基地 新农村,湖北省黄冈市106国道,114.855984,31.084232,627,0713,42,601 627,一般地点标志,,,,1,1,1,0,1045
12,B2094453D269ABF8499C,大店小学,湖北省黄冈市麻城市106国道宋铁二桥旁107乡道,114.83463297526,31.082019585503,627,0713,42,601 627,一般地点标志,,,,0,0,0,0,1012
13,B2094451D56AA6FD4898,安若,湖北省黄冈市106国道,114.86224690755,31.095032280816,65,0713,42,64 65,咖啡厅,8008642118106000000,中馆驿镇,麻城市,1,1,1,0,2148
14,B2094452D269A6FD419D,宋埠二桥,湖北省黄冈市106国道,114.82183376736,31.076614583333,627,0713,42,601 627,一般地点标志,8008642118108000000,宋埠镇,麻城市,0,0,0,0,2322
