1,B209445CD768A1F54293,祝府,湖北省孝感市孝昌县祁泡线,114.190145,31.118075,500,0712,42,500,未知分类,,,,1,1,1,0,732
2,B2094452D56AABFA4198,滑石冲水库,湖北省孝感市孝昌县祁泡线,114.18643825955,31.12234781901,627,0712,42,601 627,一般地点标志,8008642092105000000,丰山镇,孝昌县,1,1,1,0,1096
3,B209445CD768A1F5459E,祝府...,湖北省武汉市黄陂区祁泡线,114.19603597005,31.107016601562,500,0027,42,500,未知分类,,,,1,1,1,0,1130
4,B209445CD768A3FA429C,祝府,湖北省武汉市湖北省孝感市孝昌县丰山镇祝河村,114.19735405816,31.105174153646,500,0027,42,500,未知分类,,,,1,1,1,0,1351
5,B209445CD768A3FA4193,丰山镇祝河村祝府,湖北省武汉市湖北省孝感市孝昌县丰山镇祝河村,114.19735405816,31.105174153646,500,0027,42,500,未知分类,,,,0,0,0,0,1351
6,B209445CD668A1F4449A,吃不胖的身材,湖北省孝感市孝昌县祁泡线,114.17094156901,31.111791449653,170,0712,42,169 170,KTV,,,,1,1,1,0,1443
7,B209445CD66BABFB4899,不必纠结当下的一切,湖北省孝感市孝昌县祁泡线,114.17112738715,31.113594021267,263,0712,42,258 263,公司,,,,1,1,1,0,1428
8,B2094451D76AABFE4493,祝河村,湖北省武汉市黄陂区祁泡线,114.19212619358,31.100296766493,627,0027,42,601 627,一般地点标志,8008642011615000000,李集街区,黄陂区,1,1,1,0,1477
9,B2094451D064AAFE479C,红豆,湖北省孝感市孝昌县祁泡线,114.17015028212,31.10351047092,248,0712,42,169 248,生活娱乐,8008642092105000000,丰山镇,孝昌县,1,1,1,0,1817
10,B2094655D56EA4FC489F,云雾山效野公园,,114.20642,31.10273,196,0027,None,194 196,公园,8008642011615000000,李集街区,黄陂区,806,1172,668,61,2225
11,B2094453DA69ABFC4998,香味轩,去雾山郊野公园内,114.20332,31.101244,77,0027,None,64 69 77,湖南菜,,,,0,0,0,0,2069
12,B2094452D56BA4FC439E,毛家塆,湖北省孝感市孝昌县祁泡线,114.16470540365,31.117198079427,627,0712,42,601 627,一般地点标志,8008642092105000000,丰山镇,孝昌县,0,0,0,0,2101
13,B2094655D56DAAFD459D,竹林寺风景区,,114.20647,31.10262,250,0027,None,194 250,公园户外,8008642011615000000,李集街区,黄陂区,0,0,0,0,2235
14,B2094451D06BA4FD4999,八江湾,湖北省孝感市孝昌县祁泡线,114.17756374783,31.093078884549,627,0712,42,601 627,一般地点标志,8008642092105000000,丰山镇,孝昌县,0,0,0,0,2310
