1,B209475CD268A6F8439B,四斗粮,湖北省黄石市大冶金湖大道,114.985633,30.05725,627,0714,42,601 627,一般地点标志,8008642028105000000,大箕铺镇,大冶市,2,2,2,0,1111
2,B2094451D468A5F9489F,大冶市彭和庄,湖北省黄石市106国道,114.9975374349,30.072466905382,627,0714,42,601 627,一般地点标志,8008642028105000000,大箕铺镇,大冶市,1,1,1,0,1152
3,B2094451D06AA1F8419B,大冶市大箕铺细彭和小区,湖北省黄石市106国道,115.0108327908,30.057030978733,627,0714,42,601 627,一般地点标志,8008642028105000000,大箕铺镇,大冶市,1,1,0,0,1578
4,B2094451DB65A4FC4192,湖北省黄石市大冶市金湖街办四斗粮小学,湖北省黄石市315省道,114.9787649197,30.061004774306,56,0714,42,51 56,小学,8008642028104000000,东岳路街区,大冶市,1,1,1,0,1629
5,B2094452D76EABFC479B,武汉欢乐谷,湖北省黄石市106国道,115.00818440755,30.049426812066,170,0714,42,169 170,KTV,8008642028105000000,大箕铺镇,大冶市,0,0,0,0,1872
6,B2094457D06AA3FE429B,碧桂园·城市花园（大冶）,湖北省 黄石市 湖北省大冶市金湖大道碧桂园城市花园,114.99144,30.07807,263,0714,42,258 263,公司,8008642028104000000,东岳路街区,大冶市,9,14,8,0,1806
7,B2094451D469A3FA499B,大冶市四斗梁5路到,湖北省黄石市315省道,114.97657,30.065484,627,0714,42,601 627,一般地点标志,8008642028104000000,东岳路街区,大冶市,1,1,0,0,1869
8,B2094451D464A4F5499E,黄家献村,湖北省黄石市金湖大道,114.9936311849,30.079715169271,627,0714,42,601 627,一般地点标志,8008642028104000000,东岳路街区,大冶市,1,1,0,0,1954
9,B2094451D56FA4F94792,东方山,湖北省黄石市315省道,114.97703233507,30.074200846354,196,0714,42,194 196,公园,8008642028104000000,东岳路街区,大冶市,1,1,1,0,2230
10,B2094451D76BA5F8449F,大冶市兴陆高级中学,湖北省黄石市金湖大道国道,114.991546,30.082094,671,0714,42,51 671,高校中心点,8008642028104000000,东岳路街区,大冶市,0,0,0,0,2243
11,B2094451D56BA4FE439A,碧桂园,湖北省黄石市青龙路,114.986355523,30.080541992187,259,0714,42,258 259,工厂,8008642028104000000,东岳路街区,大冶市,0,0,0,0,2223
12,B2094453D269A0FA439F,大箕铺邓垅村,湖北省黄石市106国道,115.01085693359,30.046630045573,248,0714,42,169 248,生活娱乐,,,,0,0,0,0,2276
13,B2094452D66EA3F9449D,彭和,湖北省黄石市106国道,115.02032552083,30.063999294705,627,0714,42,601 627,一般地点标志,8008642028105000000,大箕铺镇,大冶市,0,0,0,0,2389
14,B209445CD66EABF8499E,兴陆高中,湖北省黄石市金湖大道,114.99053222656,30.083804253472,253,0714,42,51 253,校园生活,,,,1,1,1,0,2449
