1,B2094652D76EAAF4489A,红安县永河人民法庭,,114.71043,31.14706,252,0713,None,44 252,楼宇机构,8008642112203000000,永佳河镇,红安县,1,1,1,0,1501
2,B2094652D76EAAF4489F,君越超市,,114.71294,31.14801,117,0713,None,115 117,便民商店/便利店,8008642112203000000,永佳河镇,红安县,0,0,0,0,1761
3,B2094652D76EAAF4489C,安安副食,,114.71213,31.14879,117,0713,None,115 117,便民商店/便利店,8008642112203000000,永佳河镇,红安县,0,0,0,0,1722
4,B2094652D76EAAF4489D,中国农业银行永佳河分理处,,114.71121,31.15016,150,0713,None,19 150,银行,8008642112203000000,永佳河镇,红安县,2,2,0,0,1711
5,B2094652D76EAAF4489E,红苹果,,114.71298,31.14793,248,0713,None,169 248,生活娱乐,8008642112203000000,永佳河镇,红安县,0,0,0,0,1762
6,B2094453D269A4F44592,杨仲八,湖北省黄冈市红安县S304,114.69853352865,31.158067762587,627,0713,42,601 627,一般地点标志,,,,1,1,1,0,1741
7,B2094451D468A6FC4298,卫生院,湖北省黄冈市红安县永河镇,114.71027153863,31.152427571615,627,0713,42,601 627,一般地点标志,8008642112203000000,永佳河镇,红安县,0,0,1,0,1776
8,B2094453D269A4F4459D,杨仲八,湖北省黄冈市红安县S304,114.69853352865,31.158067762587,627,0713,42,601 627,一般地点标志,,,,0,0,0,0,1741
9,B2094451D468A6FC4499,永河卫生院,湖北省黄冈市红安县304省道,114.716496,31.146447,627,0713,42,601 627,一般地点标志,8008642112203000000,永佳河镇,红安县,1,1,0,0,2040
10,B2094451D168A0FF429D,湖北省黄冈市红安县永佳河镇香林寺,湖北省黄冈市红安县永佳河镇香林寺,114.6835563151,31.162163357205,248,0713,42,169 248,生活娱乐,8008642112203000000,永佳河镇,红安县,1,1,0,0,2455
