1,B2094452DA6EA2FA4099,锦里沟刘三姐客栈,湖北省武汉市黄陂区姚姚线,114.220446,31.273212,251,0027,42,19 251,出行住宿,8008642011608000000,蔡店乡,黄陂区,1,1,0,0,1284
2,B2094757D165A3F4419B,黄陂清凉寨,武汉市黄陂区木兰清凉寨风景区,114.22678099,31.276409776,207,0027,None,194 207,度假疗养场所,8008642011608000000,蔡店乡,黄陂区,540,676,386,0,1884
3,B2094750DB6CA1FD4298,锦里沟,近郊黄陂区蔡店乡道士冲村,114.22972,31.275674,250,0027,None,194 250,公园户外,8008642011608000000,蔡店乡,黄陂区,454,580,470,0,1994
4,B2094451D568A6FB419B,黄陂锦里沟旅游景点,湖北省武汉市黄陂区姚姚线,114.22453314887,31.276254611545,627,0027,42,601 627,一般地点标志,8008642011608000000,蔡店乡,黄陂区,4,4,4,0,1757
5,B2094451D568A6FA4692,黄陂锦里沟,湖北省武汉市黄陂区姚姚线,114.22926188151,31.273506673177,627,0027,42,601 627,一般地点标志,8008642011608000000,蔡店乡,黄陂区,1,1,1,0,1792
6,B2094451DA65A0FA499D,锦里沟,湖北省武汉市黄陂区姚姚线,114.2314710829,31.271263563368,195,0027,42,194 195,游乐场,8008642011608000000,蔡店乡,黄陂区,1,1,1,0,1802
7,B2094451D568A6F94993,黄陂锦里沟旅游景点,湖北省武汉市黄陂区锦里沟,114.23156195747,31.272890082465,627,0027,42,601 627,一般地点标志,8008642011608000000,蔡店乡,黄陂区,7,7,6,0,1914
8,B2094451DA6BABFB4792,湖北省武汉市黄陂区锦里沟通风景区,湖北省武汉市黄陂区姚姚线,114.23094238281,31.27387641059,627,0027,42,601 627,一般地点标志,8008642011608000000,蔡店乡,黄陂区,0,0,0,0,1938
9,B2094453DA6BA1FB4692,锦里沟牯石农家乐,锦里沟中段忠孝王府,114.23456,31.273565,87,0027,None,64 69 87,特色／地方风味餐厅,,,,0,0,0,0,2189
10,B2094452D265A3FB439F,锦里沟,武汉市黄陂区蔡店乡道士冲村,114.234550476074,31.2735614776611,207,0027,None,194 207,度假疗养场所,8008642011608000000,蔡店乡,黄陂区,0,0,0,0,2188
11,B2094451D665A1FB439F,姚家山风景区,湖北省武汉市黄陂区姚姚线,114.19463758681,31.249425455729,241,0027,42,194 241,省级景点,8008642011608000000,蔡店乡,黄陂区,4,4,4,1,2465
12,B2094452D068A3F4479A,武汉姚家山风景区,湖北省武汉市黄陂区,114.19241,31.252726,628,0027,42,601 628,著名地点,8008642011608000000,蔡店乡,黄陂区,0,0,0,0,2456
13,B209445CD16BA5F94792,孝感北,湖北省武汉市黄陂区姚姚线,114.24017957899,31.256866590712,22,0027,42,19 22,火车站,,,,0,0,0,0,2422
14,B2094453DA6BA5FE4393,姚记老屋,蔡店街姚家山村美食街特1号,114.19256,31.25193,71,0027,None,64 69 71,四川菜,,,,0,0,0,0,2484
15,B209445CD66FA2FA409E,姚家山,湖北省武汉市黄陂区姚姚线,114.19356553819,31.25055094401,148,0027,42,19 148,美容美发店,,,,2,2,1,0,2479
16,B2094452DA64A4F8499D,姚家山风景区,湖北省武汉市黄陂区姚姚线,114.19380886502,31.250405273438,627,0027,42,601 627,一般地点标志,,,,0,0,0,0,2468
