1,B2094655D56CA2FF4592,安山收费站,,114.27503,30.15466,267,0027,None,19 267,收费站,8008642011506000000,安山镇,江夏区,47,53,14,0,253
2,B2094453DA6BA5FE449D,曹家垴乡菜馆,马法路与黄湾路交叉处附近,114.28825,30.155586,81,0027,None,64 69 81,湖北菜,,,,0,0,0,0,1294
3,B2094655D465A5FE4898,安山镇文化活动中心,,114.29145,30.14935,248,0027,None,169 248,生活娱乐,8008642011506000000,安山镇,江夏区,24,40,13,0,1589
4,B2094452D26CA3FC449B,九全嘉国际广场,湖北省武汉市江夏区江夏大道与北华街交汇处,114.29156928168,30.149446885851,170,0027,42,169 170,KTV,8008642011506000000,安山镇,江夏区,0,0,0,0,1598
5,B2094655D465A5FE489B,江夏区司法局安山法律服务所,,114.29122,30.14898,252,0027,None,44 252,楼宇机构,8008642011506000000,安山镇,江夏区,0,0,0,0,1577
6,B2094655D465A5FE489A,志强平价,,114.29191,30.15014,117,0027,None,115 117,便民商店/便利店,8008642011506000000,安山镇,江夏区,0,0,0,0,1617
7,B2094655D465A5FE4693,江夏区安山镇卫生院,,114.29338,30.15063,162,0027,None,19 162,医院,8008642011506000000,安山镇,江夏区,22,37,18,0,1750
8,B2094453DA6BA6FD499F,迎宾酒店(马安路店),马安路13号,114.293365,30.151035,81,0027,None,64 69 81,湖北菜,,,,0,0,0,0,1744
9,B2094453DA6BA2F4479F,安山人家,安山镇卫生院附近,114.293594,30.15159,81,0027,None,64 69 81,湖北菜,,,,0,0,0,0,1761
10,B2094655D465A5FE4792,安山邮政支局,,114.29299,30.15097,248,0027,None,169 248,生活娱乐,8008642011506000000,安山镇,江夏区,0,0,0,0,1708
11,B2094453DA6BA6F4449C,胡记正宗家常菜馆,张兴路16号,114.29414,30.149683,81,0027,None,64 69 81,湖北菜,,,,0,0,0,0,1837
12,B2094453DA6BA1F4479D,四季美酒店,新安路99号,114.29388,30.15457,81,0027,None,64 69 81,湖北菜,,,,0,0,0,0,1803
13,B2094453D268A7FE4599,武汉市柯柯网吧,湖北省武汉市江夏区009县道,114.2944281684,30.155407986111,176,0027,42,169 176,网吧,,,,1,2,2,0,1870
14,B2094453D268A1FC469B,武汉市柯柯网吧,湖北省武汉市江夏区009县道,114.294502,30.155466,176,0027,42,169 176,网吧,,,,1,1,1,0,1878
15,B2094452D46BA6FA4398,武汉市武昌区,湖北省武汉市武昌区,114.29591444227,30.151914876302,116,0027,42,115 116,特色商业街,8008642011506000000,安山镇,江夏区,0,0,0,0,1983
16,B2094453DA6AAAF9429D,开明酒楼,马安路137号,114.29459,30.148628,81,0027,None,64 69 81,湖北菜,,,,0,0,0,0,1902
17,B209445CD76BA0FE4893,武汉市江夏区安山镇,湖北省武汉市江夏区009县道,114.2948296441,30.155880533854,259,0027,42,258 259,工厂,,,,0,0,0,0,1917
18,B2094451D068AAF4469C,江夏区,湖北省武汉市江夏区,114.29962212457,30.150782063802,627,0027,42,601 627,一般地点标志,8008642011506000000,安山镇,江夏区,1,1,0,0,2346
19,B2094451D06AA1FC409B,武汉市江夏区安山街兴安路4号,湖北省武汉市江夏区107国道,114.29962212457,30.150782063802,627,0027,42,601 627,一般地点标志,8008642011506000000,安山镇,江夏区,0,0,0,0,2346
