1,B209445CD768ABF94599,江汉大学,湖北省鄂州市六艺桥那一颗柳树下,114.56395100911,30.239285753038,253,0711,42,51 253,校园生活,,,,0,0,0,0,1137
2,B2094452D16EA6F4429E,梁子湖管理局,湖北省鄂州市梁子湖区,114.57106553819,30.252574598524,47,0711,42,44 47,住宅区,8008642070203000000,梁子镇,梁子湖区,1,1,0,0,1262
3,B2094453DB6DA7F8419C,梁子岛步行街56号渔乡村酒店,湖北省鄂州市梁子湖区,114.5711336263,30.253707682292,111,0711,42,64 111,休闲餐饮场所,,,,1,1,1,0,1380
4,B2094452D569A4F4439E,梁子岛渔乡村,湖北省鄂州市梁子湖区,114.5711976454,30.253801812066,247,0711,42,64 247,餐饮美食,8008642070203000000,梁子镇,梁子湖区,1,1,1,0,1388
5,B2094757DB6DA7FC459C,鄂州梁子岛梦天湖生态山庄,鄂州市梁子湖区梁子岛,114.573540688,30.256287036,214,0711,None,19 214,四星级宾馆,8008642070203000000,梁子镇,梁子湖区,698,853,500,6,1615
6,B2094452D265A6FF479F,梁子岛生态旅游区,鄂州市梁子湖区梁子岛生态旅游区,114.571656,30.254141,208,0711,None,194 208,休闲场所,8008642070203000000,梁子镇,梁子湖区,2,2,2,0,1412
7,B2094757D164AAF84392,梁子湖高尔夫球场,武汉市梁子湖生态旅游度假区梁子半岛,114.56156921,30.233579635,500,0711,None,500,未知分类,8008642070203000000,梁子镇,梁子湖区,242,492,348,0,1618
8,B2094453D26BA3F94499,湖北 鄂州 梁子岛,湖北省鄂州市梁子湖区,114.57300320095,30.255507269965,627,0711,42,601 627,一般地点标志,,,,0,0,0,0,1535
9,B2094452D668A0FE4799,青山农庄,湖北省鄂州市梁子湖区,114.56965169271,30.256617838542,247,0711,42,64 247,餐饮美食,8008642070203000000,梁子镇,梁子湖区,1,1,1,0,1732
10,B209445CD16BA5F84398,武汉市洪山区光谷西班牙风情街,湖北省武汉市洪山区,114.57620876736,30.258762749566,170,0711,42,169 170,KTV,,,,1,1,1,0,1882
11,B2094453D26BA7FC409E,梁子湖区,湖北省鄂州市梁子湖区,114.591392,30.252677,627,0711,42,601 627,一般地点标志,,,,1,1,1,0,1953
