1,B2094451D46AA5FB4993,华山小学,湖北省鄂州市鄂城区G45大广高速,115.04679090712,30.267708604601,627,0711,42,601 627,一般地点标志,8008642070414000000,花湖镇,鄂城区,0,0,0,0,967
2,B2094452D06FA1F4449C,湖北吉之星汽车销售有限公司,湖北省鄂州市鄂城区G45大广高速,115.04926595052,30.263650716146,263,0711,42,258 263,公司,8008642070414000000,花湖镇,鄂城区,1,1,0,0,1124
3,B2094451DA6CAAFB4098,鄂东国际汽车城,湖北省鄂州市鄂城区G45大广高速,115.04235975477,30.26454562717,259,0711,42,258 259,工厂,8008642070414000000,花湖镇,鄂城区,1,1,1,0,1516
4,B2094452DA64A1F54198,黄石港区  江泰春岸小区,湖北省黄石市黄石港区G45大广高速,115.06246663411,30.257933485243,628,0714,42,601 628,著名地点,,,,1,1,1,0,1736
5,B2094652D768A5FD479C,肉联公交站,,115.06921,30.2618,38,0714,None,19 38,公交车站,8008642020200000000,黄石港区,黄石港区,0,0,0,0,1770
6,B2094452D66EA7FF439E,黄石长江大桥,湖北省鄂州市鄂城区G45大广高速,115.05483398437,30.25663547092,627,0711,42,601 627,一般地点标志,8008642020200000004,黄石大桥,黄石港区,2,2,1,0,1741
7,B2094452D16CA7FF449C,肉联小区,湖北省黄石市黄石港区鄂黄路,115.067885,30.260367,627,0714,42,601 627,一般地点标志,8008642020205000000,花湖街区,黄石港区,1,2,2,0,1791
8,B2094453D269ABFF4792,威尼斯彩虹,湖北省鄂州市鄂城区G45大广高速,115.03927001953,30.262620713976,627,0711,42,601 627,一般地点标志,,,,1,1,1,0,1883
9,B2094452DA6FA1F4409A,兰博基尼,湖北省鄂州市鄂城区G45大广高速,115.04685031467,30.257286783854,627,0711,42,601 627,一般地点标志,,,,0,0,0,0,1857
10,B2094451DA6DA6F5439D,大兴驾校,湖北省黄石市黄石港区235省道,115.07071668837,30.260534939236,627,0714,42,601 627,一般地点标志,8008642020205000000,花湖街区,黄石港区,1,1,0,0,1972
11,B2094652D768A5FC4998,飞云制药公交站,,115.068,30.25773,38,0714,None,19 38,公交车站,8008642020205000000,花湖街区,黄石港区,0,0,0,0,2025
12,B2094451DB6BA5F84298,金典怡家,湖北省鄂州市鄂城区G45大广高速,115.04145317925,30.257576768663,627,0711,42,601 627,一般地点标志,8008642070414000000,花湖镇,鄂城区,0,0,0,0,2112
13,B2094451D16EA2FB479C,花湖.滨港花城,湖北省鄂州市花湖开发区滨港路中段,115.034773,30.262244,45,0711,42,44 45,产业园区,8008642070414000000,花湖镇,鄂城区,0,0,0,0,2271
14,B209445CD268A2FD479D,聚龙·世纪嘉园,湖北省黄石市黄石港区,115.038885,30.257949,47,0711,42,44 47,住宅区,,,,0,0,0,0,2247
15,B209445CD668A1F9499F,东方华尔街,湖北省鄂州市鄂城区G45大广高速,115.04261311849,30.255618489583,148,0711,42,19 148,美容美发店,,,,1,1,0,0,2222
16,B209445CD769A4F8489C,弘毅堂阿胶糕,湖北省鄂州市鄂城区鄂城大道,115.04165174696,30.255592990451,249,0711,42,115 249,购物服务,,,,1,3,3,0,2276
17,B2094452D76FA1F84498,青岛啤酒节现场,湖北省黄石市黄石港区迎宾大道,115.053377,30.251138,247,0714,42,64 247,餐饮美食,8008642020200000004,黄石大桥,黄石港区,1,1,0,0,2360
18,B2094452D765A7F4429C,SPT性能提升中心,湖北省黄石市黄石港区迎宾大道,115.05239420573,30.251181640625,627,0714,42,601 627,一般地点标志,8008642020200000004,黄石大桥,黄石港区,0,0,0,0,2365
19,B2094652D768A5FE439F,新闸公交站,,115.06717,30.25269,38,0714,None,19 38,公交车站,8008642020205000000,花湖街区,黄石港区,18,29,13,0,2458
20,B2094456D069A6FB409B,武汉大学,湖北省 黄石市 珞珈山,115.06321,30.25102,253,0714,42,51 253,校园生活,8008642020200000004,黄石大桥,黄石港区,9,10,9,0,2483
21,B2094457D16FA2FD4393,滨都丽园,湖北省 鄂州市 黄石市花湖开发区滨都丽园,115.03287,30.26117,252,0711,42,44 252,楼宇机构,8008642070414000000,花湖镇,鄂城区,2,2,1,0,2490
22,B2094757D56EA1FC479D,湖北骏马贸易有限公司,武汉市雄楚大街井岗村特一号,115.054281055927,30.2501338975039,158,0714,None,19 158,汽车销售,8008642020200000004,黄石大桥,黄石港区,3,3,1,0,2466
23,B2094452D065A1F94593,金桥水岸,湖北省黄石市黄石港区迎宾大道,115.06150960286,30.250623914931,627,0714,42,601 627,一般地点标志,8008642020200000004,黄石大桥,黄石港区,0,0,0,0,2481
