1,B2094652D769ABFA409E,洪湖市大沙人民法庭,,113.8598,30.00597,252,0716,None,44 252,楼宇机构,8008642108315000000,大沙湖管理区,洪湖市,14,14,2,0,595
2,B2094451D06AA5FB4493,零点KTV,湖北省荆州市329省道,113.86214518229,30.004988606771,170,0716,42,169 170,KTV,8008642108315000000,大沙湖管理区,洪湖市,0,0,0,0,703
3,B2094451D565A3F4479F,潮男潮女童装专卖店,湖北省荆州市329省道,113.862426,30.006965,116,0716,42,115 116,特色商业街,8008642108315000000,大沙湖管理区,洪湖市,1,1,1,0,853
4,B2094652D769ABFA4093,天龙宾馆,,113.86366,30.00419,250,0716,None,194 250,公园户外,8008642108315000000,大沙湖管理区,洪湖市,1,0,0,0,801
5,B2094652D769ABFA409B,洪湖市公安局大沙派出所,,113.86087,30.00828,609,0716,None,44 609,警察局,8008642108315000000,大沙湖管理区,洪湖市,1,1,0,0,862
6,B2094452D36EA4F5429E,大沙联想店,湖北省荆州市329省道,113.86119032118,30.008053385417,627,0716,42,601 627,一般地点标志,8008642108315000000,大沙湖管理区,洪湖市,1,1,1,0,860
7,B2094652D769ABFA4099,大沙客运中心,,113.86207,30.00858,35,0716,None,19 35,长途汽车站,8008642108315000000,大沙湖管理区,洪湖市,26,75,23,0,959
8,B209445CD76EA1F4499D,大沙振中路,湖北省荆州市329省道,113.862602,30.007653,116,0716,42,115 116,特色商业街,,,,0,0,0,0,917
9,B2094652D769ABFA4092,洪湖市大沙湖管理区中心学校,,113.86457,30.00784,55,0716,None,51 55,中学,8008642108315000000,大沙湖管理区,洪湖市,119,173,76,0,1074
10,B2094452D26FA0F84393,大沙湖管理区政府,湖北省荆州市329省道,113.85986545139,30.011087239583,627,0716,42,601 627,一般地点标志,8008642108315000000,大沙湖管理区,洪湖市,1,1,1,0,1095
11,B2094453D36FA4FD4993,湖北省随州市环城东路印台山公园,湖北省随州市环城东路印台山公园,113.86398980035,30.009807942708,628,0716,42,601 628,著名地点,,,,0,0,0,0,1183
12,B2094452D16CABF8479E,大沙财政局,湖北省荆州市329省道,113.86215,30.011072,617,0716,42,44 617,政府机构,8008642108315000000,大沙湖管理区,洪湖市,0,0,0,0,1190
13,B2094453D36FA4FD4893,环城东路印台山公园,湖北省随州市环城东路印台山公园,113.8585,30.0125,628,0716,42,601 628,著名地点,,,,0,0,0,0,1208
