1,B2094652D768A5FE479F,嘉鱼县宏伟氧气充装站,,113.94403,29.99275,248,0715,None,169 248,生活娱乐,8008642122107000000,鱼岳镇,嘉鱼县,0,0,0,0,1033
2,B2094451DA6CA5FA4492,花园海,湖北省咸宁市嘉鱼县小新堤路,113.939835,29.989755,627,0715,42,601 627,一般地点标志,8008642122107000000,鱼岳镇,嘉鱼县,1,1,1,0,1468
3,B2094451D06AA0FD4298,嘉鱼县人民医院,湖北省咸宁市嘉鱼县发展大道,113.940959,29.988479,162,0715,42,19 162,医院,8008642122107000000,鱼岳镇,嘉鱼县,5,6,5,0,1564
4,B209475CD368A1F8479A,派乐汉堡店（人民路店）,人民路,113.96060952,30.00766358,68,0715,None,64 68,快餐厅,8008642122108000000,新街镇,嘉鱼县,1,1,0,0,1571
5,B2094451DA6FA2F4479B,中诚信电器厂,湖北省咸宁市嘉鱼县小新堤路,113.93768934462,29.989872775608,259,0715,42,258 259,工厂,8008642122107000000,鱼岳镇,嘉鱼县,1,1,1,0,1548
6,B2094452D265A5FF429B,花园海,湖北省嘉鱼县新街镇马安山村,113.9400773112,29.988524576823,627,0715,42,601 627,一般地点标志,8008642122107000000,鱼岳镇,嘉鱼县,1,2,1,0,1587
7,B2094451DA6EABF94192,花园海,湖北省咸宁市嘉鱼县发展大道,113.94015245226,29.988883734809,627,0715,42,601 627,一般地点标志,8008642122107000000,鱼岳镇,嘉鱼县,1,1,1,0,1547
8,B209445CD66BABFE479A,嘉鱼县人民医院皮肤科,湖北省咸宁市嘉鱼县发展大道,113.94133219401,29.986274414062,627,0715,42,601 627,一般地点标志,,,,0,0,0,0,1791
9,B2094453D26AA4F4489C,万鑫国际花园,湖北省咸宁市嘉鱼县发展大道,113.94011420356,29.985894639757,627,0715,42,601 627,一般地点标志,,,,0,0,0,0,1863
10,B2094652D768A5FE479C,中信诚电气工业园,,113.92826,29.99224,45,0715,None,44 45,产业园区,8008642122107000000,鱼岳镇,嘉鱼县,2,3,2,0,1999
11,B2094452D26BA4F9499D,南嘉中学,湖北省咸宁市嘉鱼县发展大道,113.93986490885,29.982296006944,52,0715,42,51 52,高等院校,8008642122107000000,鱼岳镇,嘉鱼县,2,2,1,0,2255
12,B2094652D768A4FE4093,皇堤遗址,,113.96408,29.98892,250,0715,None,194 250,公园户外,8008642122107000000,鱼岳镇,嘉鱼县,0,0,0,0,2285
13,B2094452D36FA1FA479B,嘉鱼县检察院,湖北省咸宁市嘉鱼县发展大道,113.93857557509,29.982037489149,627,0715,42,601 627,一般地点标志,8008642122107000000,鱼岳镇,嘉鱼县,1,1,1,0,2317
14,B2094452D36FA1FA4699,检察院,湖北省咸宁市嘉鱼县发展大道,113.93857557509,29.982037489149,627,0715,42,601 627,一般地点标志,8008642122107000000,鱼岳镇,嘉鱼县,0,0,0,0,2317
