1,B2094451DA65A2FF429B,湖北省鄂州市梁子湖区公安分局梧桐湖派出所,湖北省鄂州市梁子湖区004县道,114.604925,30.332986,609,0711,42,44 609,警察局,8008642070202000000,东沟镇,梁子湖区,0,0,0,0,142
2,B2094452DA6CA3FE4793,杨剪美发,湖北省鄂州市梁子湖区004县道,114.607152,30.327571,116,0711,42,115 116,特色商业街,8008642070202000000,东沟镇,梁子湖区,1,1,1,0,499
3,B2094451DB69AAFD439E,凤凰苑社区,湖北省鄂州市梁子湖区004县道,114.60611463759,30.327608506944,627,0711,42,601 627,一般地点标志,8008642070202000000,东沟镇,梁子湖区,1,1,0,0,475
4,B2094451D46DABFD4499,大垄村,湖北省鄂州市梁子湖区004县道,114.60611653646,30.32759250217,627,0711,42,601 627,一般地点标志,8008642070202000000,东沟镇,梁子湖区,1,1,1,0,477
5,B2094452DA65A1FB4898,梧桐湖新区,湖北省鄂州市梧桐湖新区,114.61043185764,30.331731770833,627,0711,42,601 627,一般地点标志,,,,1,1,1,0,464
6,B2094452D264A2FD459D,东湖高新科技创意城,湖北省鄂州市梁子湖区004县道,114.6096085612,30.328061794705,45,0711,42,44 45,产业园区,8008642070202000000,东沟镇,梁子湖区,2,2,0,0,571
7,B2094452DA6DAAFC489D,梧桐湖凤凰苑,湖北省鄂州市梁子湖区004县道,114.6106374783,30.327973361545,627,0711,42,601 627,一般地点标志,8008642070202000000,东沟镇,梁子湖区,2,4,2,0,648
8,B2094452D76FABFE459F,梁子湖国际露营基地,湖北省鄂州市梁子湖区004县道,114.61443115234,30.337936740451,195,0711,42,194 195,游乐场,8008642070202000000,东沟镇,梁子湖区,1,1,1,0,1086
9,B2094453DA6AA0FA4893,湖边人家,大徐村附近,114.59131,30.324142,81,0027,None,64 69 81,湖北菜,,,,0,0,0,0,1619
10,B2094451DB6BA2FA4193,湖北鄂州,湖北省鄂州市梁子湖区004县道,114.62267198351,30.327170681424,195,0711,42,194 195,游乐场,8008642070202000000,东沟镇,梁子湖区,0,0,0,0,1721
11,B2094655D56EA6FF409C,升华公交站,,114.58555,30.33938,38,0027,None,19 38,公交车站,8008642011511000000,流芳街区,江夏区,16,33,18,0,2101
