1,B2094452D36AA4FB4592,王家湾,湖北省武汉市蔡甸区104省道,114.07087863498,30.401373426649,627,0027,42,601 627,一般地点标志,8008642011401000000,军山街区,蔡甸区,1,1,0,0,1089
2,B2094451DB69A7F9439D,中南财经政法大学首义校区,武汉市武昌区阅马场首义路,114.07571750217,30.397824435764,52,0027,42,51 52,高等院校,8008642011401000000,军山街区,蔡甸区,0,0,0,0,1109
3,B2094452D669A1F8459E,蒲潭小区,湖北省武汉市蔡甸区104省道,114.07685465495,30.401945529514,627,0027,42,601 627,一般地点标志,8008642011401000000,军山街区,蔡甸区,2,2,0,0,1481
4,B2094452D069ABFD4793,蒲潭社区长城宽带服务部,湖北省武汉市经济技术开发区军山101省道旁,114.07611002604,30.401584472656,251,0027,42,19 251,出行住宿,8008642011401000000,军山街区,蔡甸区,1,1,0,0,1402
5,B2094453DA6BA1FB4992,嘉宾食府,军山街新街247号,114.08001,30.405075,81,0027,None,64 69 81,湖北菜,,,,0,0,0,0,1942
6,B2094453DA6AABF94999,夜食尚渔村,黄陵新街282号,114.07961,30.405996,81,0027,None,64 69 81,湖北菜,,,,0,0,0,0,1991
7,B2094655D465A7FE4492,武汉市蔡甸区黄陵人民法庭,,114.08217,30.40442,252,0027,None,44 252,楼宇机构,8008642011401000000,军山街区,蔡甸区,14,33,9,0,2044
8,B2094655D465A7FE449C,军山镇派出所,,114.08194,30.40433,609,0027,None,44 609,警察局,8008642011401000000,军山街区,蔡甸区,2,2,1,0,2021
9,B2094453DA6AA1F94199,不见不散餐厅,一零一省道旁边,114.07892,30.409632,68,0027,None,64 68,快餐厅,,,,0,0,0,0,2273
10,B2094453DA6BA3FB489A,天域酒家,军山镇黄陵正街87号,114.087776,30.404425,257,0027,None,64 69 257,中餐厅,,,,0,0,0,0,2480
11,B2094453DA69A4F4429B,黄陵酒楼,黄陵正街109号,114.08738,30.404928,81,0027,None,64 69 81,湖北菜,,,,0,0,0,0,2479
