1,B209445CD66FA5FF409E,海岛渔夫,江夏区东湖高新蔡王村海岛渔夫,114.450599,30.389975,257,0027,42,64 69 257,中餐厅,,,,0,0,0,0,587
2,B2094452DA6FA3F5419E,袁帅铺子数码便利店,湖北省武汉市江夏区004县道,114.450764,30.387014,117,0027,42,115 117,便民商店/便利店,,,,1,1,1,0,793
3,B2094452D56CA1F9409D,武汉-江夏-凤凰山-华新混凝土（武汉）有限公司凤凰山分公司,湖北省武汉市江夏区004县道,114.45247639974,30.398973524306,259,0027,42,258 259,工厂,8008642011510000000,藏龙岛街区,江夏区,0,0,0,0,784
4,B2094453DA68A6FA449B,楚城半客农家菜馆,藏龙岛开发区杨桥湖大道8号湖北经济学院对面A8台球二楼,114.44812,30.3895,87,0027,None,64 69 87,特色／地方风味餐厅,,,,0,0,0,0,823
5,B2094452D56CA1F9469F,华新混凝土（武汉）有限公司凤凰山分公司,湖北省武汉市江夏区004县道,114.45180338542,30.399235297309,259,0027,42,258 259,工厂,8008642011510000000,藏龙岛街区,江夏区,0,0,0,0,839
6,B2094453DA6BA6FF459C,卫国餐馆,凤凰山附近,114.454666,30.400944,81,0027,None,64 69 81,湖北菜,,,,0,0,0,0,939
7,B2094452D36EA5F84099,蔡王村,湖北省武汉市江夏区,114.45053927951,30.38586968316,627,0027,42,601 627,一般地点标志,8008642011510000000,藏龙岛街区,江夏区,0,0,0,0,908
8,B2094453DA6AA7FF409B,5A家,藏龙岛杨桥湖大岛梁山头美食城,114.44362,30.39779,68,0027,None,64 68,快餐厅,,,,0,0,0,0,1315
9,B2094450D66CA4F94792,城建篮球场,湖北省 武汉市 武汉,114.44351,30.3983,253,0027,42,51 253,校园生活,8008642011510000000,藏龙岛街区,江夏区,2,2,2,0,1350
10,B2094451D564ABF5499F,城建足球场的厕所,湖北省武汉市江夏区环岛路,114.44192165799,30.399595811632,52,0027,42,51 52,高等院校,8008642011510000000,藏龙岛街区,江夏区,0,0,0,0,1554
11,B2094452D26FA6FB459F,Junkfood,湖北省武汉市江夏区G50沪渝高速,114.44202853733,30.399024522569,269,0027,42,64 269,烧烤,8008642011510000000,藏龙岛街区,江夏区,1,1,1,0,1514
12,B2094453DA6AAAFE459B,小粥道,武汉城市建设职业技术学院南二门后街,114.4465,30.4042,87,0027,None,64 69 87,特色／地方风味餐厅,,,,0,0,0,0,1578
13,B2094453DA6AA5F84999,一家亲,杨桥大道8号,114.44246,30.40006,86,0027,None,64 69 86,火锅店,,,,0,0,0,0,1537
14,B2094451DA6DA5F9409D,湖北城市建设职业技术学院,湖北省武汉市江夏区G50沪渝高速,114.44122124566,30.397814670139,627,0027,42,601 627,一般地点标志,8008642011510000000,藏龙岛街区,江夏区,1,1,1,0,1526
15,B2094451D76EA4FE479D,如意馄饨,湖北省武汉市江夏区环岛路,114.441546,30.399922,65,0027,42,64 65,咖啡厅,8008642011510000000,藏龙岛街区,江夏区,1,1,1,0,1603
16,B2094451D465A7F94593,武汉喜来稀肉汉街店,湖北省武汉市江夏区环岛路,114.43911,30.397118,269,0027,42,64 269,烧烤,8008642011510000000,藏龙岛街区,江夏区,0,0,0,0,1690
17,B2094453DA6BA6F54792,星海轩酒楼,环岛路,114.440926,30.399406,81,0027,None,64 69 81,湖北菜,,,,0,0,0,0,1627
18,B2094453DA6BA0FC4598,好味道食府,武汉城市建设职业技术学院南二门后街,114.44015,30.39842,257,0027,None,64 69 257,中餐厅,,,,0,0,0,0,1647
19,B2094453DA6BA7FE4493,川味园餐厅,武汉市江夏区城市建设职业学院,114.44022,30.399502,71,0027,None,64 69 71,四川菜,,,,0,0,0,0,1692
20,B2094453DA6BA7FA429C,常相聚餐厅,环岛路,114.43994,30.398592,81,0027,None,64 69 81,湖北菜,,,,0,0,0,0,1673
21,B2094453DA6AA5F8499D,火龙锅,藏龙岛环岛路城市职业建设学院南门,114.43962,30.398277,86,0027,None,64 69 86,火锅店,,,,0,0,0,0,1688
22,B2094453DA6AA0FF4392,如意馄饨(环岛路店),藏龙大道环岛路商业街2号,114.44021,30.39815,87,0027,None,64 69 87,特色／地方风味餐厅,,,,0,0,0,0,1630
23,B2094453DA6AA0F44898,自然情酒店,藏龙大道与流芳大道交叉处附近,114.44054,30.399105,81,0027,None,64 69 81,湖北菜,,,,0,0,0,0,1645
24,B2094453DA6AA2F54999,外婆菜,城市建设职业技术学院南门,114.44046,30.39959,257,0027,None,64 69 257,中餐厅,,,,0,0,0,0,1676
25,B2094453DA69A5F54399,豆花寿司,体院学院体育科技学院环岛路,114.43948,30.39817,95,0027,None,64 93 95,日本料理,,,,0,0,0,0,1696
26,B2094453DA6AA0FF479E,瓦罐汤,藏龙大道,114.44162,30.400019,650,0027,None,64 69 650,江西菜,,,,0,0,0,0,1603
27,B2094450D768A0FD499E,武体科院图书馆,湖北省 武汉市 武汉体育学院体育科技学院图书馆,114.4389,30.39621,253,0027,42,51 253,校园生活,8008642011510000000,藏龙岛街区,江夏区,2,2,0,0,1683
28,B209445CD66FA1FA4892,藏龙岛的某大学,湖北省武汉市江夏区,114.44551513672,30.40419514974,253,0027,42,51 253,校园生活,,,,0,0,0,0,1633
29,B2094452D365ABFC4598,河北省唐山市丰润区滨海新区,河北省唐山市丰润区滨海新区,114.4411735026,30.399964735243,627,0027,42,601 627,一般地点标志,8008642011510000000,藏龙岛街区,江夏区,0,0,0,0,1636
30,B2094452DA65A7FC499C,武汉大学,湖北省武汉市洪山区,114.43871636285,30.397633734809,52,0027,42,51 52,高等院校,,,,2,2,2,0,1744
31,B2094453DA6BA3F94692,不见不散,环岛路72号,114.4388,30.39746,71,0027,None,64 69 71,四川菜,,,,0,0,0,0,1730
32,B2094453DA6BA2FC439B,新红潮鸡公煲店,藏龙大道城建学院对面058号,114.43924,30.39806,86,0027,None,64 69 86,火锅店,,,,0,0,0,0,1713
33,B2094453DA6AA4FF4792,大碗菜,藏龙岛环岛路,114.43918,30.39769,77,0027,None,64 69 77,湖南菜,,,,0,0,0,0,1704
34,B2094655D56EA7F8449D,体育学院藏龙校区,武汉市藏龙岛开发区大学园区,114.43649652547833,30.396051132598853,627,0027,None,601 627,一般地点标志,8008642011510000000,藏龙岛街区,江夏区,617,2922,1075,0,1904
35,B2094451D56FABFF459D,湖北城市建设职业技术学院,湖北省武汉市江夏区101省道,114.44538682726,30.406487630208,52,0027,42,51 52,高等院校,8008642011511000000,流芳街区,江夏区,2,2,1,0,1849
36,B2094451D46BA6FB419D,湖北城建学院男生公寓4栋,湖北省武汉市江夏区环岛路,114.43926350911,30.40055094401,52,0027,42,51 52,高等院校,8008642011510000000,藏龙岛街区,江夏区,1,1,1,0,1828
37,B2094452D66FAAFD459C,国网特高压交流试验基地,湖北省武汉市江夏区101省道,114.43747097439,30.387381727431,45,0027,42,44 45,产业园区,8008642011510000000,藏龙岛街区,江夏区,0,0,0,0,1863
38,B2094453DA6BA3F8469D,摩卡卡,藏龙岛开发区1期商业街交接处10号,114.43713,30.39419,112,0027,None,64 112,糕饼店,,,,0,0,0,0,1812
39,B2094450DB64A4FD409E,栗庙考场,湖北省武汉市江夏区环岛路,114.43680311415,30.39574734158,259,0027,42,258 259,工厂,8008642011510000000,藏龙岛街区,江夏区,11,13,7,0,1868
40,B209445CD665ABFA479D,湖北省红安县,湖北省红安县,114.43902832031,30.400842013889,500,0027,42,500,未知分类,,,,1,1,0,0,1864
41,B2094450D565A3F8419C,晴川桥,湖北省 武汉市 晴川桥,114.43866,30.40075,627,0027,42,601 627,一般地点标志,8008642011510000000,藏龙岛街区,江夏区,2,2,2,0,1890
42,B2094452D069A5F84392,泊咀湖,湖北省武汉市江夏区004县道,114.47494900174,30.396044108073,627,0027,42,601 627,一般地点标志,8008642011511000000,流芳街区,江夏区,1,1,1,0,1868
43,B2094451D565A5FF4998,武汉城市建设职业技术学院,湖北省武汉市江夏区环岛路,114.43853244358,30.399138454861,627,0027,42,601 627,一般地点标志,8008642011510000000,藏龙岛街区,江夏区,1,1,0,0,1821
44,B2094451D66DA6F4469F,卡梅尔小镇,湖北省武汉市江夏区G50沪渝高速,114.43650363498,30.394634602865,627,0027,42,601 627,一般地点标志,8008642011510000000,藏龙岛街区,江夏区,1,1,1,0,1877
45,B2094757D56DAAFD4493,湖北城市建设职业技术学院,武汉市 东湖高新技术开发区 藏龙岛科技园区 藏龙大道 28号,114.437006,30.402417,253,0027,6,51 253,校园生活,8008642011511000000,流芳街区,江夏区,952,3076,1644,0,2120
46,B2094451D76EA7F8459A,武汉软件工程职业学院,湖北省武汉市江夏区环岛路,114.43761664497,30.400442165799,52,0027,42,51 52,高等院校,8008642011510000000,藏龙岛街区,江夏区,2,2,2,0,1962
47,B2094451D169A7FE459F,蜜语田园,湖北省武汉市江夏区藏龙大道,114.43850911458,30.401910264757,67,0027,42,64 67,甜品店,8008642011511000000,流芳街区,江夏区,0,0,0,0,1967
48,B2094453DA6BA1F4419F,余味无穷烤鱼,藏龙岛开发区杨桥湖大道中百仓储2楼金鹰美食城,114.43592,30.396534,257,0027,None,64 69 257,中餐厅,,,,0,0,0,0,1969
49,B209445CD769A6F54399,大梦初醒荒唐了一生,湖北省武汉市,114.43879041884,30.401724717882,500,0027,42,500,未知分类,,,,1,1,1,0,1933
50,B2094451D16BA1F94598,Wechat:liut17,湖北省武汉市江夏区G50沪渝高速,114.43602132161,30.394192165799,627,0027,42,601 627,一般地点标志,8008642011510000000,藏龙岛街区,江夏区,1,1,1,0,1918
51,B2094451D668A2FC469F,环岛路小甘湾,湖北省武汉市江夏区藏龙大道,114.43862847222,30.402488335503,627,0027,42,601 627,一般地点标志,8008642011511000000,流芳街区,江夏区,1,1,1,0,1992
52,B2094452DA6BA6FB429F,关山高中,湖北省武汉市洪山区雄楚大道,114.4386867947,30.402615288628,627,0027,42,601 627,一般地点标志,,,,1,1,0,0,1996
53,B2094453DA6AA2FB449E,奥星苑,体育学院体育科技学院,114.43439,30.393723,269,0027,None,64 269,烧烤,,,,0,0,0,0,2070
54,B2094451D16AABF8469F,Wechat:liut17,湖北省武汉市江夏区环岛路,114.43486762153,30.394202473958,627,0027,42,601 627,一般地点标志,8008642011510000000,藏龙岛街区,江夏区,1,1,1,0,2029
55,B2094451D16AABF44898,Wechat:liut17,湖北省武汉市江夏区环岛路,114.43486762153,30.394202473958,627,0027,42,601 627,一般地点标志,8008642011510000000,藏龙岛街区,江夏区,1,1,1,0,2029
56,B2094655D56EA6FE419C,粟庙公交站,,114.43781,30.4043,38,0027,None,19 38,公交车站,8008642011511000000,流芳街区,江夏区,42,53,6,0,2173
57,B2094453D56EAAF44298,武汉体育学院体育科技学院教学楼,湖北省武汉市江夏区环岛路,114.433872,30.397231,52,0027,42,51 52,高等院校,,,,0,0,0,0,2178
58,B2094752D26DA4F5439D,美串香火锅,近郊江夏区藏龙岛开发区杨桥湖大道光谷金鹰乐活城2楼(湖北经济学院对面),114.437431,30.404006,86,0027,None,64 69 86,火锅店,8008642011511000000,流芳街区,江夏区,0,0,0,0,2183
59,B209475CD365ABFA449F,香满楼鲜鱼村,江夏区环岛路(近武汉体育学院),114.433716,30.39345,81,0027,None,64 69 81,湖北菜,8008642011510000000,藏龙岛街区,江夏区,0,0,0,0,2133
60,B209445CD66FA1FA489C,藏龙岛大学城,湖北省武汉市江夏区藏龙大道,114.44003228082,30.40655219184,253,0027,42,51 253,校园生活,,,,0,0,0,0,2178
61,B2094453D36DABFD4492,中冶南方机电产业园,湖北省武汉市江夏区101省道,114.45077365451,30.411320258247,259,0027,42,258 259,工厂,,,,0,0,0,0,2144
62,B2094757D564ABFB429D,江夏区栗庙小学,中国湖北省武汉市-江夏区,114.43259304,30.39264323,56,0027,None,51 56,小学,8008642011510000000,藏龙岛街区,江夏区,15,19,11,0,2239
63,B2094451D168ABFC459C,藏龙岛精神病院,湖北省武汉市江夏区藏龙大道,114.43615993924,30.403175726997,628,0027,42,601 628,著名地点,8008642011511000000,流芳街区,江夏区,2,2,1,0,2233
64,B2094655D56CA2FF439B,凤凰山收费站,,114.45411,30.41264,267,0027,None,19 267,收费站,8008642011511000000,流芳街区,江夏区,20,22,9,0,2240
65,B2094453DA68AAFE469B,川味园餐厅,藏龙大道28号城市建设学院南门,114.43521,30.40154,71,0027,None,64 69 71,四川菜,,,,0,0,0,0,2224
66,B2094450D568A6F4469D,美国加利福尼亚州,湖北省 武汉市 雷特森安娜州立大学,114.453,30.4122,253,0027,42,51 253,校园生活,8008642011511000000,流芳街区,江夏区,3,3,2,0,2202
67,B209445CD66FA1FB409E,藏龙岛某大学,湖北省武汉市江夏区,114.44117621528,30.407761773003,253,0027,42,51 253,校园生活,,,,0,0,0,0,2204
68,B2094452D16BA4FE4093,中冶南方机电产业园,湖北省武汉市江夏区凤凰园一路,114.44819335937,30.411719292535,263,0027,42,258 263,公司,8008642011511000000,流芳街区,江夏区,0,0,0,0,2256
69,B209445CD769A3F54192,中冶南方自动化,湖北省武汉市,114.449056,30.412312,259,0027,42,258 259,工厂,,,,0,0,0,0,2293
70,B209445CD668A5FB4099,湖北省武汉市江夏区G50沪渝高速入口,湖北省武汉市江夏区G50沪渝高速入口,114.454183,30.412648,627,0027,42,601 627,一般地点标志,,,,1,1,0,0,2240
71,B2094451D56BA0F9429D,湖北城建职院,湖北省武汉市江夏区藏龙大道,114.43512288411,30.40326171875,52,0027,42,51 52,高等院校,8008642011511000000,流芳街区,江夏区,2,2,2,0,2323
72,B2094451D76AAAF9429E,武汉音乐学院,湖北省武汉市武昌区,114.44720052083,30.411920844184,52,0027,42,51 52,高等院校,8008642011511000000,流芳街区,江夏区,2,2,2,0,2310
73,B2094452D26FA3FC4498,世界城广场,湖北省武汉市洪山区,114.43220621745,30.395875108507,257,0027,42,64 69 257,中餐厅,8008642011510000000,藏龙岛街区,江夏区,0,0,0,0,2305
74,B2094453DA6AA0FC4299,维克多,体育学院体育科技学院食堂1楼,114.43188,30.39645,268,0027,None,64 268,自助,,,,0,0,0,0,2347
75,B2094453DA69A5F5459E,天府鱼庄(城建学院店),藏龙岛城建学院对面商业街一栋001号,114.43704,30.405712,88,0027,None,64 69 88,海鲜酒楼,,,,0,0,0,0,2328
76,B2094451D664A1FC429F,宜都市帝豪足道,湖北省宜昌市宜都帝豪足道,114.43198974609,30.395598958333,248,0027,42,169 248,生活娱乐,8008642011510000000,藏龙岛街区,江夏区,0,0,0,0,2321
77,B2094450D565A6FD439A,武汉市汉阳区,湖北省 武汉市 武汉国际博览中心,114.43199,30.39508,627,0027,42,601 627,一般地点标志,8008642011510000000,藏龙岛街区,江夏区,2,2,2,0,2314
78,B2094451D16FA4FF4099,Wechat➕liut17,湖北省武汉市江夏区环岛路,114.43194715712,30.396768391927,627,0027,42,601 627,一般地点标志,8008642011510000000,藏龙岛街区,江夏区,1,1,1,0,2348
79,B2094451D16BA7F44299,Wechat:liut17,湖北省武汉市江夏区环岛路,114.43233100043,30.397105577257,627,0027,42,601 627,一般地点标志,8008642011514000000,五里界街区,江夏区,1,1,1,0,2319
80,B2094451D16BABFC439F,Wechat:liut17,湖北省武汉市江夏区环岛路,114.43219156901,30.39709906684,627,0027,42,601 627,一般地点标志,8008642011514000000,五里界街区,江夏区,1,1,1,0,2332
81,B2094453D36EA7FB499B,709研究所,湖北省武汉市江夏区藏龙大道,114.437814,30.406294,627,0027,42,601 627,一般地点标志,,,,0,0,0,0,2313
82,B2094452D165A4FB4493,湖北省武汉文都学院,湖北省武汉市江夏区101省道,114.45328640408,30.414396158854,52,0027,42,51 52,高等院校,8008642011511000000,流芳街区,江夏区,2,2,2,0,2442
83,B2094451DA64A6FE4593,夏日情人梦,湖北省武汉市江夏区环岛路,114.43090304905,30.397315538194,628,0027,42,601 628,著名地点,8008642011514000000,五里界街区,江夏区,1,1,1,0,2458
84,B2094451D66DA7F84893,武汉工程科技学院西门,湖北省武汉市江夏区G50沪渝高速,114.46319878472,30.413248697917,52,0027,42,51 52,高等院校,8008642011511000000,流芳街区,江夏区,0,0,0,0,2405
85,B2094452D26AAAFA4792,武体科院,湖北省武汉市江夏区环岛路,114.43072781033,30.39767985026,52,0027,42,51 52,高等院校,8008642011514000000,五里界街区,江夏区,0,0,0,0,2484
86,B2094452D264A1FF419C,武汉体育大学体育科技学院,湖北省武汉市江夏区环岛路,114.4308585612,30.397359754774,52,0027,42,51 52,高等院校,8008642011514000000,五里界街区,江夏区,0,0,0,0,2464
87,B209475CD364A1F9439F,东星酒店,光谷大道(近华工),114.45472,30.414854,81,0027,None,64 69 81,湖北菜,8008642011511000000,流芳街区,江夏区,0,0,0,0,2482
88,B2094751D268A7F8439F,湖北城市建设职业技术学院,湖北城建,114.43187350114,30.399497724832,253,0027,42,51 253,校园生活,8008642011514000000,五里界街区,江夏区,14,17,8,0,2433
89,B2094752D664A7FC439F,湖北城市建设职业技术学院,藏龙大道28号,114.43853,30.408168,253,0027,None,51 253,校园生活,8008642011511000000,流芳街区,江夏区,5,5,3,0,2407
90,B2094751DA6EA1FD429C,华美达光谷国际大酒店,武汉市武昌区珞瑜路726号,114.431861,30.398852,251,0027,None,19 251,出行住宿,8008642011514000000,五里界街区,江夏区,8,10,6,0,2412
91,B2094452D36DA0F5429D,顺昌县龙山花园,湖北省武汉市江夏区环岛路,114.43091769748,30.397475857205,627,0027,42,601 627,一般地点标志,8008642011514000000,五里界街区,江夏区,0,0,0,0,2461
92,B2094452D36DA0F5479B,顺昌龙山花园,南平市顺昌县,114.43091769748,30.397475857205,627,0027,42,601 627,一般地点标志,8008642011514000000,五里界街区,江夏区,0,0,0,0,2461
93,B2094452D36DA0F5429E,顺昌县大众网吧,湖北省武汉市江夏区环岛路,114.43091769748,30.397475857205,627,0027,42,601 627,一般地点标志,8008642011514000000,五里界街区,江夏区,0,0,0,0,2461
94,B2094451DB64A0FA4493,囚禁在城市边缘,湖北省武汉市江夏区环岛路,114.43072998047,30.397874891493,627,0027,42,601 627,一般地点标志,8008642011514000000,五里界街区,江夏区,0,0,0,0,2489
