1,B2094452D36CA2F5419B,池湖新村,湖北省鄂州市鄂城区235省道,114.96712537977,30.38827609592,628,0711,42,601 628,著名地点,8008642070405000000,燕矶镇,鄂城区,3,3,2,0,445
2,B2094453D36EA3FF429E,武汉铁路职业技术学院鄂州校区,湖北省鄂州市鄂城区鄂东大道326号,114.96348741319,30.385949978299,52,0711,42,51 52,高等院校,,,,2,3,0,0,697
3,B2094453D36AA7FE4093,湖北鄂信,湖北省鄂州市鄂城区235省道,114.96090549045,30.387366265191,627,0711,42,601 627,一般地点标志,,,,1,1,1,0,672
4,B2094453D36AA7FE4092,湖北鄂信,湖北省鄂州市鄂城区235省道,114.96090549045,30.387366265191,627,0711,42,601 627,一般地点标志,,,,0,0,0,0,672
5,B209445CD665A5FB4892,武汉铁路职业技术学院中专部,湖北省鄂州市鄂城区235省道,114.97030381944,30.385235460069,253,0711,42,51 253,校园生活,,,,0,0,0,0,887
6,B2094452D264A1FE419E,武汉铁路职业技术学院中专部,湖北省鄂州市鄂城区235省道,114.9703108724,30.384927842882,54,0711,42,51 54,职业技术学校,8008642070405000000,燕矶镇,鄂城区,1,1,0,0,917
7,B2094452D26FAAF8409A,武汉铁路职业技术学院中转部,湖北省鄂州市鄂城区235省道,114.97029188368,30.384925672743,54,0711,42,51 54,职业技术学校,8008642070405000000,燕矶镇,鄂城区,0,0,0,0,916
8,B2094450DA6CA7FC429D,武汉铁路职业技术学院,湖北省 鄂州市 鄂东大道326号,114.96969,30.38454,253,0711,42,51 253,校园生活,8008642070405000000,燕矶镇,鄂城区,5,7,7,0,926
9,B2094451DB6CA3F54498,建华建材（鄂州）有限公司,湖北省鄂州市鄂城区235省道,114.9751703559,30.387522515191,259,0711,42,258 259,工厂,8008642070405000000,燕矶镇,鄂城区,0,0,0,0,1062
10,B2094452D065A1F8489D,池湖农庄,湖北省鄂州市鄂城区235省道,114.98008544922,30.38671468099,65,0711,42,64 65,咖啡厅,8008642070405000000,燕矶镇,鄂城区,0,0,0,0,1528
11,B2094750D569A0FD429B,国际康城,鄂州市滨湖南路,114.971924,30.377614,47,0711,None,44 47,住宅区,8008642070405000000,燕矶镇,鄂城区,1,1,0,0,1719
12,B2094652D76EA2FE409A,武钢矿业公司鄂州球团厂,,114.94453,30.38878,263,0711,None,258 263,公司,8008642070406000000,新庙镇,鄂城区,13,16,2,0,2036
