1,B2094453D26DA0F5499A,麦豪家具,湖北省孝感市244省道,113.75008680556,30.431487901476,116,0712,42,115 116,特色商业街,,,,1,1,0,0,1669
2,B2094453D26DA7FC409C,麦豪家具,湖北省北河县318国道,113.749668,30.431623,116,0712,42,115 116,特色商业街,,,,1,1,0,0,1647
3,B2094655D56CA2FE499B,北河收费站,,113.75334,30.42732,267,0712,None,19 267,收费站,8008642098400000000,汉川市,汉川市,113,152,62,0,1726
4,B2094452D16EA2FF409C,北河工业园,湖北省孝感市244省道,113.751263,30.431535,259,0712,42,258 259,工厂,8008642098416000000,西江乡,汉川市,2,2,0,0,1763
5,B209475CD369AAF54093,玫瑰大酒店中餐厅,玫瑰园特1号,113.73490353,30.40578203,257,0027,None,64 69 257,中餐厅,8008642011412000000,侏儒街区,蔡甸区,0,0,0,0,1848
6,B2094652D76EA4FF4993,224省道环岛,,113.74812,30.43695,250,0712,None,194 250,公园户外,8008642098405000000,南河乡,汉川市,39,42,23,0,1982
7,B2094452D16AA2FE4692,永兴平价超市,湖北省孝感市244省道,113.747945,30.436773,119,0712,42,115 119,商场,8008642098405000000,南河乡,汉川市,0,0,0,0,1957
8,B2094451D56FAAFA4993,湖北省武汉市蔡甸区成功中学,湖北省武汉市蔡甸区成功中学,113.72134901259,30.410879448785,55,0027,42,51 55,中学,8008642011412000000,侏儒街区,蔡甸区,2,2,0,0,1921
9,B2094452D16CA3F44799,北河转盘,汉川市西江乡北河村,113.74823,30.437117,627,0712,42,601 627,一般地点标志,8008642098405000000,南河乡,汉川市,1,2,1,0,2004
10,B2094452D465A6FC479C,成功欢乐汇,湖北省武汉市蔡甸区318国道,113.72082736545,30.407873535156,170,0027,42,169 170,KTV,8008642011412000000,侏儒街区,蔡甸区,0,0,0,0,2191
11,B2094453DA6BA6F4469A,成功特色烧烤店,成功乡1718号,113.72017,30.40707,269,0027,None,64 269,烧烤,,,,0,0,0,0,2300
12,B2094452D46CA1F54899,北河工业园,湖北省武汉市蔡甸区G50沪渝高速,113.76071153429,30.428299967448,45,0027,42,44 45,产业园区,8008642011412000000,侏儒街区,蔡甸区,0,0,0,0,2434
