1,B209445CD668AAFF459A,新帮村吴雪纷的家,湖北省武汉市蔡甸区318国道,113.77109944661,30.422219780816,627,0027,42,601 627,一般地点标志,,,,1,1,1,0,506
2,B2094452D46CA1F54899,北河工业园,湖北省武汉市蔡甸区G50沪渝高速,113.76071153429,30.428299967448,45,0027,42,44 45,产业园区,8008642011412000000,侏儒街区,蔡甸区,0,0,0,0,826
3,B2094452D76EA1FE419B,北河,湖北省武汉市蔡甸区G50沪渝高速,113.7739436849,30.429444986979,627,0027,42,601 627,一般地点标志,8008642011412000000,侏儒街区,蔡甸区,0,0,0,0,1110
4,B2094655D56CA2FE499B,北河收费站,,113.75334,30.42732,267,0712,None,19 267,收费站,8008642098400000000,汉川市,汉川市,113,152,62,0,1321
5,B209445CD66BABFA4892,北河工业园,湖北省孝感市G50沪渝高速,113.75897162543,30.434513888889,148,0712,42,19 148,美容美发店,,,,0,0,0,0,1507
6,B2094452D16EA2FF409C,北河工业园,湖北省孝感市244省道,113.751263,30.431535,259,0712,42,258 259,工厂,8008642098416000000,西江乡,汉川市,2,2,0,0,1733
7,B2094453D26DA0F5499A,麦豪家具,湖北省孝感市244省道,113.75008680556,30.431487901476,116,0712,42,115 116,特色商业街,,,,1,1,0,0,1822
8,B2094453D26DA7FC409C,麦豪家具,湖北省北河县318国道,113.749668,30.431623,116,0712,42,115 116,特色商业街,,,,1,1,0,0,1864
9,B2094454D16AA7FB4292,武汉同济医院,湖北省 武汉市 硚口区,113.78175,30.43304,627,0027,42,601 627,一般地点标志,8008642011412000000,侏儒街区,蔡甸区,4,4,4,0,1938
10,B2094451D668ABFB409B,露营地,湖北省武汉市蔡甸区G50沪渝高速,113.786349,30.43163,195,0027,42,194 195,游乐场,8008642011412000000,侏儒街区,蔡甸区,1,1,1,0,2225
11,B2094652D76EA4FF4993,224省道环岛,,113.74812,30.43695,250,0712,None,194 250,公园户外,8008642098405000000,南河乡,汉川市,39,42,23,0,2353
12,B2094452D16AA2FE4692,永兴平价超市,湖北省孝感市244省道,113.747945,30.436773,119,0712,42,115 119,商场,8008642098405000000,南河乡,汉川市,0,0,0,0,2351
13,B2094452D16CA3F44799,北河转盘,汉川市西江乡北河村,113.74823,30.437117,627,0712,42,601 627,一般地点标志,8008642098405000000,南河乡,汉川市,1,2,1,0,2358
14,B2094451D665A1FE4393,博茂生态园,湖北省武汉市蔡甸区G50沪渝高速,113.78898030599,30.432271592882,208,0027,42,194 208,休闲场所,8008642011412000000,侏儒街区,蔡甸区,1,1,1,0,2482
