1,B2094757D565A4F8479F,常福中学,中国湖北省武汉市-蔡甸区,114.0454872,30.42757623,55,0027,None,51 55,中学,8008642011403000000,奓山街区,蔡甸区,20,49,17,0,1107
2,B2094453DA6BA1FD479C,常福酒楼,檀黄公路建新南路55号,114.043365,30.430098,81,0027,None,64 69 81,湖北菜,,,,0,0,0,0,1136
3,B2094453DA6AA6F9479C,7976家常菜馆,建新南路8号,114.04347,30.431158,81,0027,None,64 69 81,湖北菜,,,,0,0,0,0,1234
4,B2094751D565A0FB4693,大东社区,奓山街,114.041189,30.433745,252,0027,None,44 252,楼宇机构,8008642011403000000,奓山街区,蔡甸区,1,5,2,0,1375
5,B2094452D16CABFE4693,武汉市蔡甸区,湖北省武汉市蔡甸区檀黄公路,114.04572753906,30.430254448785,627,0027,42,601 627,一般地点标志,8008642011403000000,奓山街区,蔡甸区,6,6,5,0,1306
6,B2094452D068A3F8409A,常福堡居委员,湖北省武汉市蔡甸区常兴路,114.046444,30.43018,627,0027,42,601 627,一般地点标志,8008642011403000000,奓山街区,蔡甸区,0,0,0,0,1352
7,B2094451D665A2F54498,千子星空,湖北省武汉市蔡甸区檀黄公路,114.03611707899,30.407680121528,627,0027,42,601 627,一般地点标志,8008642011403000000,奓山街区,蔡甸区,1,1,1,0,1632
8,B209445CD26DA7FC4793,八房嘴湾,湖北省武汉市蔡甸区车站南路,114.01775743273,30.427437608507,148,0027,42,19 148,美容美发店,,,,0,0,0,0,1812
9,B2094453D76BA4FF4492,武汉奥泰东昊汽车产业园,湖北省武汉市蔡甸区常福工业园福吉路,114.053595,30.427561,259,0027,42,258 259,工厂,,,,1,1,1,0,1815
10,B2094452D06EA6F54998,奥德驰汽车部件有限公司,湖北省武汉市蔡甸区檀黄公路,114.05277,30.431444,259,0027,42,258 259,工厂,8008642011403000000,奓山街区,蔡甸区,0,0,0,0,1928
11,B209445CD06EA6FF459A,武汉京东,湖北省武汉市蔡甸区车站南路,114.01503,30.423054,263,0027,42,258 263,公司,,,,0,0,0,0,1984
12,B2094451D16EA5FB4799,福兴小区,湖北省武汉市蔡甸区常兴路,114.04268012153,30.441476508247,627,0027,42,601 627,一般地点标志,8008642011403000000,奓山街区,蔡甸区,1,1,1,0,2234
13,B2094453D268ABFB4893,九房咀,湖北省武汉市蔡甸区奓正街,114.01017008464,30.421469184028,627,0027,42,601 627,一般地点标志,,,,1,1,1,0,2451
14,B2094452D56BA0FF4398,东风亚普汽车部件有限公司,湖北省武汉市蔡甸区檀黄公路,114.060363,30.417208,639,0027,42,258 639,汽车交通类公司,8008642011403000000,奓山街区,蔡甸区,0,0,0,0,2437
