1,B2094452D368A7FD429D,军山科技产业园,湖北省武汉市蔡甸区檀黄公路,114.06680609809,30.42733452691,45,0027,42,44 45,产业园区,8008642011403000000,奓山街区,蔡甸区,1,1,1,0,563
2,B2094452D56BA0FF4398,东风亚普汽车部件有限公司,湖北省武汉市蔡甸区檀黄公路,114.060363,30.417208,639,0027,42,258 639,汽车交通类公司,8008642011403000000,奓山街区,蔡甸区,0,0,0,0,780
3,B209445CD265A0F9439A,武汉长华长源,湖北省武汉市蔡甸区檀黄公路,114.06064398872,30.432198893229,259,0027,42,258 259,工厂,,,,1,2,0,0,1208
4,B2094453D76BA4FF4492,武汉奥泰东昊汽车产业园,湖北省武汉市蔡甸区常福工业园福吉路,114.053595,30.427561,259,0027,42,258 259,工厂,,,,1,1,1,0,1316
5,B2094452D06EA6F54998,奥德驰汽车部件有限公司,湖北省武汉市蔡甸区檀黄公路,114.05277,30.431444,259,0027,42,258 259,工厂,8008642011403000000,奓山街区,蔡甸区,0,0,0,0,1617
6,B2094451DA65A7F4469A,中外运,湖北省武汉市蔡甸区G4京港澳高速,114.078824,30.431651,627,0027,42,601 627,一般地点标志,8008642011403000000,奓山街区,蔡甸区,1,1,1,0,1617
7,B2094453DA6AA1F94199,不见不散餐厅,一零一省道旁边,114.07892,30.409632,68,0027,None,64 68,快餐厅,,,,0,0,0,0,1888
8,B2094757D565A4F8479F,常福中学,中国湖北省武汉市-蔡甸区,114.0454872,30.42757623,55,0027,None,51 55,中学,8008642011403000000,奓山街区,蔡甸区,20,49,17,0,2044
9,B2094453DA6BA2F8419A,江西煨汤,全力五路龙王工业园龙王路3-14,114.07383,30.439636,68,0027,None,64 68,快餐厅,,,,0,0,0,0,2070
10,B2094452D068A3F8409A,常福堡居委员,湖北省武汉市蔡甸区常兴路,114.046444,30.43018,627,0027,42,601 627,一般地点标志,8008642011403000000,奓山街区,蔡甸区,0,0,0,0,2061
11,B2094453DA6AA6F94792,阳明餐饮,全力南路,114.07564,30.440191,81,0027,None,64 69 81,湖北菜,,,,0,0,0,0,2196
12,B2094452D16CABFE4693,武汉市蔡甸区,湖北省武汉市蔡甸区檀黄公路,114.04572753906,30.430254448785,627,0027,42,601 627,一般地点标志,8008642011403000000,奓山街区,蔡甸区,6,6,5,0,2127
13,B2094753D06CA6F8459E,健民商店,None,114.085426,30.410676,119,0027,None,115 119,商场,8008642011401000000,军山街区,蔡甸区,0,0,0,0,2280
14,B2094453DA6AABF94999,夜食尚渔村,黄陵新街282号,114.07961,30.405996,81,0027,None,64 69 81,湖北菜,,,,0,0,0,0,2246
15,B2094452D56EA2FE419F,深圳市上横朗,广州市深圳市宝安区致远北路上横朗,114.07535,30.440857,627,0027,42,601 627,一般地点标志,8008642011406000000,沌口街区,蔡甸区,0,0,0,0,2252
16,B2094453DA6BA1FD479C,常福酒楼,檀黄公路建新南路55号,114.043365,30.430098,81,0027,None,64 69 81,湖北菜,,,,0,0,0,0,2329
17,B2094453DA6BA1FB4992,嘉宾食府,军山街新街247号,114.08001,30.405075,81,0027,None,64 69 81,湖北菜,,,,0,0,0,0,2351
18,B2094453DA6AA6F9479C,7976家常菜馆,建新南路8号,114.04347,30.431158,81,0027,None,64 69 81,湖北菜,,,,0,0,0,0,2366
19,B2094452D36AA4FB4592,王家湾,湖北省武汉市蔡甸区104省道,114.07087863498,30.401373426649,627,0027,42,601 627,一般地点标志,8008642011401000000,军山街区,蔡甸区,1,1,0,0,2382
20,B2094655D465A2FC439A,汉阳区第三中学,,114.09001,30.41654,55,0027,None,51 55,中学,8008642011401000000,军山街区,蔡甸区,66,290,34,0,2403
21,B2094451D065A3FD4792,汉阳三中,湖北省武汉市蔡甸区G4京港澳高速,114.090064,30.416642,52,0027,42,51 52,高等院校,8008642011401000000,军山街区,蔡甸区,4,4,3,0,2405
22,B2094752D468A4FF4092,东风汽车集团股份有限公司乘用车公司,武汉经济技术开发区东风大道1969号,114.074212,30.443534,627,0027,None,601 627,一般地点标志,8008642011406000000,沌口街区,蔡甸区,14,17,7,0,2491
