1,B2094452D564A0FB439C,武汉大学中南医院,湖北省武汉市蔡甸区G50沪渝高速,113.84145426432,30.452719455295,45,0027,42,44 45,产业园区,8008642011412000000,侏儒街区,蔡甸区,0,0,0,0,1377
2,B2094453DA69A4F4429E,体洪酒楼,蟹湖大街44号,113.85036,30.44087,81,0027,None,64 69 81,湖北菜,,,,0,0,0,0,1353
3,B2094453DA6BA3F4409A,九斤酒店,蟹湖大道,113.84899,30.440838,81,0027,None,64 69 81,湖北菜,,,,0,0,0,0,1412
4,B2094452D669A3FE469D,民众大酒店,湖北省武汉市蔡甸区侏儒山街蟹湖大道,113.846352,30.44064,257,0027,42,64 69 257,中餐厅,8008642011412000000,侏儒街区,蔡甸区,1,1,1,0,1563
5,B2094451DA68A5F44599,侏儒富盟购物广场,湖北省武汉市蔡甸区318国道,113.84534803602,30.440592447917,627,0027,42,601 627,一般地点标志,8008642011412000000,侏儒街区,蔡甸区,0,0,0,0,1625
6,B2094453DA6BA0F8479E,旺喜酒楼(蟹湖街店),沿河路,113.8415,30.440437,81,0027,None,64 69 81,湖北菜,,,,0,0,0,0,1887
7,B2094453DA6BA1F84392,福兴餐厅,沿河路,113.84168,30.440447,81,0027,None,64 69 81,湖北菜,,,,0,0,0,0,1874
8,B2094452D76CA3F4449C,沌口路天桥,湖北省武汉市蔡甸区S15汉蔡高速,113.872625,30.460698,627,0027,42,601 627,一般地点标志,8008642011412000000,侏儒街区,蔡甸区,0,0,0,0,1879
9,B2094452D769A7FA4399,侏儒山街街心小王鸡汤面馆,湖北省武汉市蔡甸区318国道,113.84350640191,30.438421495226,247,0027,42,64 247,餐饮美食,8008642011412000000,侏儒街区,蔡甸区,1,1,0,0,1924
10,B2094452D76AA4F8409B,侏儒街小王鸡汤锅仔店,湖北省武汉市蔡甸区318国道,113.843493,30.438569,65,0027,42,64 65,咖啡厅,8008642011412000000,侏儒街区,蔡甸区,1,1,0,0,1912
11,B2094452D769A7FA4199,侏儒山街街心,湖北省武汉市蔡甸区318国道,113.84350640191,30.438421495226,247,0027,42,64 247,餐饮美食,8008642011412000000,侏儒街区,蔡甸区,0,0,0,0,1924
12,B2094452D465ABFE429A,天堂大楼,湖北省武汉市蔡甸区318国道,113.84442464193,30.437717556424,170,0027,42,169 170,KTV,8008642011412000000,侏儒街区,蔡甸区,1,1,1,0,1936
13,B2094655D56EA5F4439F,侏儒河大桥,,113.87499,30.46327,250,0027,None,194 250,公园户外,8008642011412000000,侏儒街区,蔡甸区,91,101,32,0,2224
14,B2094753D36AA1FF429D,文昌书店,儒学路35号,113.846656,30.433656,125,0027,None,115 124 125,书店,8008642011412000000,侏儒街区,蔡甸区,0,0,0,0,2231
15,B2094450DB65A5F5499D,武汉市蔡甸区,湖北省武汉市蔡甸区,113.83241970486,30.457001681858,627,0027,42,601 627,一般地点标志,8008642011412000000,侏儒街区,蔡甸区,2,2,2,0,2307
