1,B2094452D66EA2FF409F,318国道曹河桥,318国道曹河桥,113.9081125217,30.455109863281,257,0027,42,64 69 257,中餐厅,8008642011412000000,侏儒街区,蔡甸区,1,1,0,0,786
2,B2094655D56EA5F44398,曹河桥,,113.90898,30.45511,250,0027,None,194 250,公园户外,8008642011412000000,侏儒街区,蔡甸区,0,0,0,0,712
3,B2094655D46CA3FB4498,金钟酒楼,,113.90749,30.45536,70,0027,None,64 69 70,综合酒楼,8008642011412000000,侏儒街区,蔡甸区,10,10,5,4,852
4,B2094451DB6EAAFA489D,侏儒山侏儒山侏儒山,湖北省武汉市蔡甸区G50沪渝高速,113.91536214193,30.460817871094,627,0027,42,601 627,一般地点标志,8008642011404000000,永安街区,蔡甸区,1,1,0,0,972
5,B209475CD36DA6FF439D,永安锅巴稀饭,蔡甸区永安镇万岭新村318国道旁,113.92855,30.45174,81,0027,None,64 69 81,湖北菜,8008642011404000000,永安街区,蔡甸区,1,1,0,0,1251
6,B2094451D265A0FE449A,南乡香锅巴稀饭,湖北省武汉市蔡甸区318国道,113.92920220269,30.451331108941,65,0027,42,64 65,咖啡厅,8008642011404000000,永安街区,蔡甸区,0,0,0,0,1316
7,B209445CD76AA6FB4799,大学生创业集团,湖北省武汉市蔡甸区318国道,113.93346950955,30.44985921224,622,0027,42,258 622,医疗健康类公司,,,,0,0,0,0,1740
8,B2094451DA6EA2FE4798,上海市黄埔区南京东路街道人民广场,上海市黄埔区南京东路街道人民广场,113.935221,30.455476,195,0027,42,194 195,游乐场,8008642011404000000,永安街区,蔡甸区,0,0,0,0,1928
9,B2094655D46CA3FB449E,荣光超市,,113.93534,30.45759,118,0027,None,115 118,超级市场,8008642011404000000,永安街区,蔡甸区,0,0,0,0,1998
10,B2094655D46CA3FB4392,中国信合(荣光超市西北),,113.93493,30.45858,150,0027,None,19 150,银行,8008642011404000000,永安街区,蔡甸区,4,8,5,0,1998
11,B209445CD76AA6F4419E,大学生创业园,湖北省武汉市蔡甸区318国道,113.93618245443,30.449969618056,622,0027,42,258 622,医疗健康类公司,,,,1,1,0,0,1997
12,B2094453DA6AABF94998,永发酒楼,永安大街315,113.93573,30.457167,81,0027,None,64 69 81,湖北菜,,,,0,0,0,0,2020
13,B2094453DA6AA1FF4899,九真久,G50沪渝高速,113.90846,30.469278,81,0027,None,64 69 81,湖北菜,,,,0,0,0,0,2030
14,B2094453DA6BA0FE499A,紫宴酒店,安泰街9号,113.936325,30.459415,81,0027,None,64 69 81,湖北菜,,,,0,0,0,0,2157
15,B2094655D46CA3FB459A,九真山庄,永安九真山,113.92356,30.47001,207,0027,None,194 207,度假疗养场所,8008642011404000000,永安街区,蔡甸区,2,2,1,0,2139
16,B2094453DA6AA4FC459B,麦德豪,安福路156附1号,113.93843,30.45681,112,0027,None,64 112,糕饼店,,,,0,0,0,0,2260
17,B2094451DB68A2F54793,湖北电影拍摄基地,湖北省武汉市蔡甸区G50沪渝高速,113.92466606988,30.470440809462,627,0027,42,601 627,一般地点标志,8008642011404000000,永安街区,蔡甸区,1,1,1,0,2223
18,B2094655D46CA3FB449F,永安工商所,,113.93862,30.45903,250,0027,None,194 250,公园户外,8008642011404000000,永安街区,蔡甸区,21,34,15,0,2347
19,B209445CD76AA6FB4898,武汉·大学生创业集团,湖北省武汉市蔡甸区永兴街,113.93892740885,30.447190483941,622,0027,42,258 622,医疗健康类公司,,,,0,0,0,0,2312
20,B2094655D46CA3FB459B,展新超市,,113.94046,30.45541,117,0027,None,115 117,便民商店/便利店,8008642011404000000,永安街区,蔡甸区,0,0,0,0,2422
21,B2094453D769A6FE4299,宁负天下不负qing,湖北省武汉市蔡甸区G50沪渝高速,113.93935465495,30.459669325087,500,0027,42,500,未知分类,,,,1,1,1,0,2438
