1,B2094751DB6DAAFC4399,英子烧烤,江岸区永兴街六六热干面旁,113.942535,30.449237,269,0027,None,64 269,烧烤,8008642011404000000,永安街区,蔡甸区,0,0,0,0,441
2,B2094655D46CA3FB4393,中国邮政(永安街财政所东),,113.94338,30.45702,248,0027,None,169 248,生活娱乐,8008642011404000000,永安街区,蔡甸区,15,25,10,0,593
3,B209445CD764A3FF409E,武汉市蔡甸区永安街永安派出所,武汉市蔡甸区永安街永安大街96号,113.945481,30.456737,609,0027,0000,44 609,警察局,,,,1,1,1,0,518
4,B2094453DA6BA6FE469B,唯客多,永安正街86号,113.94145,30.45699,94,0027,None,64 93 94,西餐厅,,,,0,0,0,0,683
5,B2094453DA6BA1FE459E,胖子小吃,永安正街86号,113.94145,30.45699,87,0027,None,64 69 87,特色／地方风味餐厅,,,,0,0,0,0,683
6,B2094453DA6AA7F94199,园园小吃店,永安正街86号,113.94145,30.45699,87,0027,None,64 69 87,特色／地方风味餐厅,,,,0,0,0,0,683
7,B2094655D46CA3FB459B,展新超市,,113.94046,30.45541,117,0027,None,115 117,便民商店/便利店,8008642011404000000,永安街区,蔡甸区,0,0,0,0,626
8,B2094453DA6AABF9499B,高老大酒楼,永安大街31号,113.95155,30.45629,81,0027,None,64 69 81,湖北菜,,,,0,0,0,0,728
9,B2094453DA6BA1FF4998,永安停车区-餐厅,G50沪渝高速,113.949265,30.458704,81,0027,None,64 69 81,湖北菜,,,,0,0,0,0,811
10,B2094453DA6AABF9499A,永安服务区餐厅,G50沪渝高速,113.949265,30.458681,81,0027,None,64 69 81,湖北菜,,,,0,0,0,0,808
11,B2094453DA6AA4FC459B,麦德豪,安福路156附1号,113.93843,30.45681,112,0027,None,64 112,糕饼店,,,,0,0,0,0,876
12,B209445CD76AA6FB4898,武汉·大学生创业集团,湖北省武汉市蔡甸区永兴街,113.93892740885,30.447190483941,622,0027,42,258 622,医疗健康类公司,,,,0,0,0,0,851
13,B2094452DA69A1F5429A,永安服务区,湖北省武汉市蔡甸区G50沪渝高速,113.949293,30.459279,627,0027,42,601 627,一般地点标志,,,,1,1,1,0,870
14,B209445CD76AA6F4419E,大学生创业园,湖北省武汉市蔡甸区318国道,113.93618245443,30.449969618056,622,0027,42,258 622,医疗健康类公司,,,,1,1,0,0,946
15,B2094655D46CA3FB449F,永安工商所,,113.93862,30.45903,250,0027,None,194 250,公园户外,8008642011404000000,永安街区,蔡甸区,21,34,15,0,1031
16,B2094451DA6EA2FE4798,上海市黄埔区南京东路街道人民广场,上海市黄埔区南京东路街道人民广场,113.935221,30.455476,195,0027,42,194 195,游乐场,8008642011404000000,永安街区,蔡甸区,0,0,0,0,1077
17,B2094453D769A6FE4299,宁负天下不负qing,湖北省武汉市蔡甸区G50沪渝高速,113.93935465495,30.459669325087,500,0027,42,500,未知分类,,,,1,1,1,0,1042
18,B2094453DA6AABF94998,永发酒楼,永安大街315,113.93573,30.457167,81,0027,None,64 69 81,湖北菜,,,,0,0,0,0,1114
19,B2094655D46CA3FB449E,荣光超市,,113.93534,30.45759,118,0027,None,115 118,超级市场,8008642011404000000,永安街区,蔡甸区,0,0,0,0,1170
20,B209445CD768A7FB409A,新六村村委会,湖北省武汉市蔡甸区永兴街,113.947065,30.442245,500,0027,42,500,未知分类,,,,1,1,0,0,1103
21,B2094453DA6BA0FE499A,紫宴酒店,安泰街9号,113.936325,30.459415,81,0027,None,64 69 81,湖北菜,,,,0,0,0,0,1216
22,B2094655D46CA3FB4392,中国信合(荣光超市西北),,113.93493,30.45858,150,0027,None,19 150,银行,8008642011404000000,永安街区,蔡甸区,4,8,5,0,1263
23,B209445CD76AA6FB4799,大学生创业集团,湖北省武汉市蔡甸区318国道,113.93346950955,30.44985921224,622,0027,42,258 622,医疗健康类公司,,,,0,0,0,0,1202
24,B2094453DA6AA4FE449A,凯利酒楼,十永路8号,113.959366,30.45747,81,0027,None,64 69 81,湖北菜,,,,0,0,0,0,1439
25,B2094451D265A0FE449A,南乡香锅巴稀饭,湖北省武汉市蔡甸区318国道,113.92920220269,30.451331108941,65,0027,42,64 65,咖啡厅,8008642011404000000,永安街区,蔡甸区,0,0,0,0,1588
26,B2094751D364A7F5469D,江汉区解放大道世贸广场,None,113.9605288,30.4583319,500,0027,None,500,未知分类,8008642011404000000,永安街区,蔡甸区,4,4,2,0,1581
27,B209475CD36DA6FF439D,永安锅巴稀饭,蔡甸区永安镇万岭新村318国道旁,113.92855,30.45174,81,0027,None,64 69 81,湖北菜,8008642011404000000,永安街区,蔡甸区,1,1,0,0,1649
28,B2094655D56CA2FE4999,永安收费站,,113.96345,30.45739,267,0027,None,19 267,收费站,8008642011403000000,奓山街区,蔡甸区,38,40,9,0,1800
29,B2094453DA6BA7FF4592,石洋餐馆,高速桥,113.96562,30.4501,68,0027,None,64 68,快餐厅,,,,0,0,0,0,1922
30,B2094453DA6BA3F44798,四季花,蔡甸街华林美食城88号,113.96556,30.45027,112,0027,None,64 112,糕饼店,,,,0,0,0,0,1914
31,B2094453DA6AA7FD4698,那家滋味火锅,经开万达金街F16-17,113.96625,30.4497,86,0027,None,64 69 86,火锅店,,,,0,0,0,0,1987
32,B2094453DA69A6F9459A,仟吉西饼(蔡甸店),蔡甸广场金佳新都会2-1楼-8室商铺,113.9655,30.450186,112,0027,None,64 112,糕饼店,,,,0,0,0,0,1909
33,B2094753D06CA0FA4999,中百便民超市(蝙蝠路店),蔡甸街蝙蝠路１号,113.96556,30.450014,117,0027,None,115 117,便民商店/便利店,8008642011403000000,奓山街区,蔡甸区,0,0,0,0,1917
34,B2094451D46EA1FD4692,沌口经济开发区,湖北省武汉市蔡甸区318国道,113.966153,30.453745,627,0027,42,601 627,一般地点标志,8008642011403000000,奓山街区,蔡甸区,0,0,0,0,1968
35,B2094750D364A4FA439D,世贸广场,None,113.968345,30.455839,500,0027,None,500,未知分类,8008642011403000000,奓山街区,蔡甸区,28,32,14,0,2210
36,B2094750D26EA6FE449C,武汉同济医院,None,113.968338,30.455852,162,0027,None,19 162,医院,8008642011403000000,奓山街区,蔡甸区,11,12,5,0,2210
37,B2094453DA6BA0FE499B,威龙雅阁居,G50沪渝高速,113.94969,30.471722,81,0027,None,64 69 81,湖北菜,,,,0,0,0,0,2218
38,B2094453DA6AA7F9419F,神怡园酒楼,新街36号,113.95003,30.47171,81,0027,None,64 69 81,湖北菜,,,,0,0,0,0,2223
39,B2094453DA69A4F44399,美味思酒楼,新街97号,113.95128,30.471312,81,0027,None,64 69 81,湖北菜,,,,0,0,0,0,2205
40,B2094757D46FA7FF449E,一撮毛酒店(薛峰店),经济技术开发区318国道薛峰段近金珠高速,113.968958,30.455227,217,0027,None,19 217,旅馆招待所,8008642011403000000,奓山街区,蔡甸区,0,0,0,0,2256
41,B2094451D264A2F44499,武昌火车站,武汉市武昌区,113.96961425781,30.446180555556,628,0027,42,601 628,著名地点,8008642011403000000,奓山街区,蔡甸区,4,4,1,0,2385
