1,B2094452D56AABF94492,毛铺,湖北省黄石市008县道,114.64364583333,30.005502387153,627,0714,42,601 627,一般地点标志,8008642028112000000,金牛镇,大冶市,0,0,0,0,914
2,B2094452D76CA2FE469C,优衣库,金牛大道999号优衣库,114.63113715278,30.011125759549,627,0714,42,601 627,一般地点标志,8008642028112000000,金牛镇,大冶市,0,0,0,0,1095
3,B2094452D069A2FC459E,金牛广场,湖北省黄石市虬川大道,114.63106336806,30.010921766493,627,0714,42,601 627,一般地点标志,8008642028112000000,金牛镇,大冶市,1,1,0,0,1077
4,B2094451DB6CA4F8419E,大冶市金牛二中,高三考场第五考场20号,114.63819417318,30.011650390625,52,0714,42,51 52,高等院校,8008642028112000000,金牛镇,大冶市,1,1,0,0,1124
5,B209445CD76DA0F84599,,湖北省黄石市虬川大道,114.6288397895,30.011900227865,628,0714,42,601 628,著名地点,,,,0,0,0,0,1266
6,B209445CD76DA0F8439E,黄石,湖北省黄石市虬川大道,114.62865478516,30.011960991753,213,0714,42,19 213,五星级宾馆,,,,0,0,0,0,1281
7,B209445CD264ABFA4398,湖北省鄂州市江夏区,湖北省鄂州市江夏区幸福狐狸内衣招代理，微信加yuxinshiyu,114.639543,30.012128,627,0714,42,601 627,一般地点标志,,,,0,0,0,0,1215
8,B2094652D768A6FF4098,金牛镇中学,,114.62375,30.01004,55,0714,None,51 55,中学,8008642028112000000,金牛镇,大冶市,69,100,32,0,1421
9,B2094452D06BA5FB419D,老街坊,湖北省黄石市虬川大道,114.62392144097,30.012079806858,247,0714,42,64 247,餐饮美食,8008642028112000000,金牛镇,大冶市,1,1,1,0,1564
10,B209445CD665A4FB499A,金牛镇镇中学,湖北省黄石市虬川大道,114.62284233941,30.010962727865,500,0714,42,500,未知分类,,,,0,0,0,0,1554
11,B2094652D768A6FE4992,金牛客运站,,114.62981,30.01638,35,0714,None,19 35,长途汽车站,8008642028112000000,金牛镇,大冶市,77,122,43,0,1690
12,B2094652D768A6FE499D,大冶市第二医院,,114.62448,30.01453,162,0714,None,19 162,医院,8008642028112000000,金牛镇,大冶市,12,16,7,0,1739
13,B2094652D768A6FF409A,金牛镇零户统管办公室,,114.62757,30.01599,248,0714,None,169 248,生活娱乐,8008642028112000000,金牛镇,大冶市,0,0,0,0,1728
14,B2094451D76FA1FD4798,老街坊,湖北省黄石市金牛大道,114.62041965061,30.012712673611,247,0714,42,64 247,餐饮美食,8008642028112000000,金牛镇,大冶市,1,1,1,0,1859
15,B209475CD368A7FC419F,金华庄园,金牛镇,114.62240144,30.01421918,81,0714,None,64 69 81,湖北菜,8008642028112000000,金牛镇,大冶市,0,0,0,0,1839
16,B2094451DA69ABF54192,金牛镇,None,114.622606,30.013979,683,0714,None,601 683,商圈,8008642028112000000,金牛镇,大冶市,0,0,0,0,1806
17,B2094652D768A6FF409B,大冶市金牛镇计划生育服务站,,114.62277,30.01429,248,0714,None,169 248,生活娱乐,8008642028112000000,金牛镇,大冶市,0,0,0,0,1821
18,B2094452D36FA1F54393,金牛镇小,湖北省黄石市金牛大道,114.62554578993,30.017032063802,52,0714,42,51 52,高等院校,8008642028112000000,金牛镇,大冶市,0,0,0,0,1920
19,B2094453D269A2F94693,vv逛vv高管,湖北省黄石市008县道,114.65318603516,29.987733018663,627,0714,42,601 627,一般地点标志,,,,1,1,0,0,2350
20,B2094451D56EAAFA4793,兴旺城,湖北省咸宁市咸安区,114.61094618056,30.009478624132,627,0714,42,601 627,一般地点标志,8008642028112000000,金牛镇,大冶市,0,0,0,0,2478
