1,B209445CD66EA0FB479F,南湖农场农科所,湖北省黄冈市黄州区南湖街道,114.96685302734,30.457688802083,500,0713,42,500,未知分类,,,,0,0,0,0,639
2,B2094452D66CA7FE469B,黄冈中学,湖北省黄冈市黄州区南湖路,114.96625759549,30.443496636285,259,0713,42,258 259,工厂,8008642110204000000,南湖街区,黄州区,1,1,0,0,960
3,B2094451D76EABFC439A,黄冈元秀长安汽车4S店,湖北省黄冈市黄州区南湖路,114.96598225911,30.443293999566,263,0713,42,258 263,公司,8008642110204000000,南湖街区,黄州区,1,1,1,0,981
4,B209445CD769A1FE4699,黄冈碧桂园别墅区,湖北省黄冈市黄州区南湖街道,114.96203586155,30.460909288194,627,0713,42,601 627,一般地点标志,,,,1,2,2,0,1033
5,B2094451D16FA3F8479C,南湖水陆派出所,湖北省黄冈市黄州区南湖路,114.97404242622,30.445045030382,627,0713,42,601 627,一般地点标志,8008642110204000000,南湖街区,黄州区,1,10,10,0,1141
6,B2094451D16DA6F54999,城铁黄冈站,湖北省黄冈市黄州区路口镇,114.95266710069,30.450243326823,627,0713,42,601 627,一般地点标志,8008642110203000000,路口镇,黄州区,6,6,3,0,1239
7,B2094451D169A6FB409B,黄冈驰恒汽车销售服务有限公司,湖北省黄冈市黄州区南湖路,114.97742,30.445199,639,0713,42,258 639,汽车交通类公司,8008642110204000000,南湖街区,黄州区,1,4,1,0,1385
8,B2094452D26DA4FE4798,比亚迪黄冈驰恒五星级4S店,湖北省黄冈市黄州区南湖路149号,114.97767252604,30.445109320747,639,0713,42,258 639,汽车交通类公司,8008642110204000000,南湖街区,黄州区,1,5,0,0,1411
9,B209475CD468A2FC449A,黄冈世纪汇恒丰田汽车销售服务有限公司,黄州区南湖路榨舟山,114.979209,30.445011,639,0713,None,258 639,汽车交通类公司,8008642110204000000,南湖街区,黄州区,0,0,0,0,1542
10,B2094457D06BA5F9499F,纽宾凯瓦尔登五星级酒店,湖北省 黄冈市 黄冈市,114.95454,30.43931,247,0713,42,64 247,餐饮美食,8008642110204000000,南湖街区,黄州区,10,10,8,1,1764
11,B2094452D16CAAF44398,别克4S店,湖北省黄冈市黄州区南湖路,114.98248453776,30.445652940538,116,0713,42,115 116,特色商业街,8008642110204000000,南湖街区,黄州区,0,0,0,0,1789
12,B2094451DB6CA6FB449B,Eason,湖北省黄冈市黄州区南湖路,114.98678141276,30.445295138889,628,0713,42,601 628,著名地点,8008642110204000000,南湖街区,黄州区,2,2,1,0,2187
13,B2094652D768A7FC4392,南湖收费站,,114.98696,30.44607,267,0713,None,19 267,收费站,8008642110204000000,南湖街区,黄州区,17,24,8,0,2175
14,B2094451D56FA4FB4698,雄峰科技园,湖北省黄冈市黄州区南湖路,114.950514,30.437686,627,0713,42,601 627,一般地点标志,8008642110204000000,南湖街区,黄州区,1,1,0,0,2148
15,B209445CD768A0FF4593,厦门大学,湖北省黄冈市黄州区022乡道,114.987718,30.443074,253,0713,42,51 253,校园生活,,,,1,1,1,0,2365
16,B2094453D569A2FB449B,黄冈新希望饲料科技有限公司,湖北省黄冈市黄州区南湖路,114.95767822266,30.431662326389,259,0713,42,258 259,工厂,,,,1,1,1,0,2392
