1,B2094453D164A0F9489C,闻道拓展基地,湖北省武汉市蔡甸区104省道,113.95089870877,30.478912489149,195,0027,42,194 195,游乐场,,,,0,0,0,0,631
2,B2094655D56EA1F5479E,知音·九真景区,武汉市蔡甸区永安镇,113.949755,30.475342,196,0027,None,194 196,公园,8008642011414000000,玉贤镇,蔡甸区,480,760,490,9,877
3,B2094453D164A0F9499E,闻道拓展基地,湖北省武汉市蔡甸区104省道,113.95089870877,30.478912489149,259,0027,42,258 259,工厂,,,,1,1,1,0,631
4,B2094453DA6BA0FE499B,威龙雅阁居,G50沪渝高速,113.94969,30.471722,81,0027,None,64 69 81,湖北菜,,,,0,0,0,0,1250
5,B2094453DA6AA7F9419F,神怡园酒楼,新街36号,113.95003,30.47171,81,0027,None,64 69 81,湖北菜,,,,0,0,0,0,1262
6,B2094453DA69A4F44399,美味思酒楼,新街97号,113.95128,30.471312,81,0027,None,64 69 81,湖北菜,,,,0,0,0,0,1346
7,B2094452D368A6F5449B,湖北省武汉市王家湾摩尔城,湖北省武汉市蔡甸区104省道,113.945152,30.49677,65,0027,42,64 65,咖啡厅,8008642011414000000,玉贤镇,蔡甸区,0,0,0,1,1598
8,B2094452DA65A0FE429B,九真桃源,湖北省武汉市蔡甸区104省道,113.95853597005,30.472640245226,195,0027,42,194 195,游乐场,,,,1,1,1,0,1642
9,B2094452D46AA6F4439E,锁情台,湖北省武汉市蔡甸区104省道,113.962927,30.482083,195,0027,42,194 195,游乐场,8008642011414000000,玉贤镇,蔡甸区,1,1,1,0,1650
10,B209475CD36FA5FF429F,醇味乡,蔡甸区九真山风景区,113.93088488,30.47189348,87,0027,None,64 69 87,特色／地方风味餐厅,8008642011404000000,永安街区,蔡甸区,0,0,0,0,1844
11,B2094753DA6CA2F8469B,汉桥村建房,汉阳区汉桥村徐家大湾,113.962533,30.4727,47,0027,None,44 47,住宅区,8008642011404000000,永安街区,蔡甸区,0,0,0,0,1942
12,B2094451DB68A2F54793,湖北电影拍摄基地,湖北省武汉市蔡甸区G50沪渝高速,113.92466606988,30.470440809462,627,0027,42,601 627,一般地点标志,8008642011404000000,永安街区,蔡甸区,1,1,1,0,2421
