1,B2094451D66EA1FE469A,蔡甸野战国防部,湖北省武汉市蔡甸区104省道,113.9760289171,30.482414550781,233,0027,42,194 233,户外健身场所,8008642011414000000,玉贤镇,蔡甸区,4,7,5,0,9
2,B2094450D06EABF8469D,蔡甸野战国防园,湖北省 武汉市 蔡甸,113.97977,30.47853,250,0027,42,194 250,公园户外,8008642011403000000,奓山街区,蔡甸区,17,19,12,0,568
3,B2094757D16AAAFA469B,檀树考场,湖北省武汉市蔡甸区104省道,113.98237463,30.475877588,253,0027,None,51 253,校园生活,8008642011403000000,奓山街区,蔡甸区,346,445,112,0,955
4,B2094451DA69A7FD409E,武汉市蔡甸区,湖北省武汉市蔡甸区王湾,113.97931369358,30.475341796875,627,0027,42,601 627,一般地点标志,8008642011403000000,奓山街区,蔡甸区,0,0,0,0,852
5,B2094451DB6CA3FA489F,院子湾,湖北省武汉市蔡甸区104省道,113.972827,30.489459,627,0027,42,601 627,一般地点标志,8008642011414000000,玉贤镇,蔡甸区,0,0,0,0,839
6,B2094452DA69A2FA469E,明涛驾校,湖北省武汉市蔡甸区104省道,113.97937282986,30.474606662326,673,0027,42,51 673,职业技术学校中心点,,,,1,1,1,0,930
7,B2094452DA69A2FA439C,明涛驾校,湖北省武汉市蔡甸区,113.98047526042,30.474531792535,263,0027,42,258 263,公司,,,,1,3,3,0,980
8,B2094452DA6EA6FC4699,明涛檀树驾校,湖北省武汉市蔡甸区檀黄公路,113.984774,30.475896,627,0027,42,601 627,一般地点标志,8008642011403000000,奓山街区,蔡甸区,0,0,0,0,1116
9,B2094452DA68A5FB479C,武汉市江汉区,沿江大道,113.97365098741,30.47115641276,195,0027,42,194 195,游乐场,,,,0,0,0,0,1273
10,B2094452D46AA6F4439E,锁情台,湖北省武汉市蔡甸区104省道,113.962927,30.482083,195,0027,42,194 195,游乐场,8008642011414000000,玉贤镇,蔡甸区,1,1,1,0,1249
11,B2094753DA6CA2F8469B,汉桥村建房,汉阳区汉桥村徐家大湾,113.962533,30.4727,47,0027,None,44 47,住宅区,8008642011404000000,永安街区,蔡甸区,0,0,0,0,1681
12,B2094452DA65A0FE429B,九真桃源,湖北省武汉市蔡甸区104省道,113.95853597005,30.472640245226,195,0027,42,194 195,游乐场,,,,1,1,1,0,1993
13,B2094451D06BA1FB4498,新民中学,湖北省武汉市蔡甸区G50沪渝高速,113.97411024306,30.460226779514,52,0027,42,51 52,高等院校,8008642011403000000,奓山街区,蔡甸区,1,1,0,0,2477
14,B2094453D164A0F9489C,闻道拓展基地,湖北省武汉市蔡甸区104省道,113.95089870877,30.478912489149,195,0027,42,194 195,游乐场,,,,0,0,0,0,2434
15,B2094452D265A2F9469F,景秀大地生态园,武汉市蔡甸区玉贤镇松林村,113.98139719574,30.5042956828145,208,0027,None,194 208,休闲场所,8008642011414000000,玉贤镇,蔡甸区,1,1,1,0,2491
16,B2094453D164A0F9499E,闻道拓展基地,湖北省武汉市蔡甸区104省道,113.95089870877,30.478912489149,259,0027,42,258 259,工厂,,,,1,1,1,0,2434
