1,B2094453DA6BA7F5459B,千艺咖啡,生物园路高农会展中心,114.54447,30.48281,65,0027,None,64 65,咖啡厅,,,,0,0,0,0,80
2,B2094655D56EA5FE449D,大湖湾公交站,,114.54738,30.48286,38,0027,None,19 38,公交车站,8008642011501000000,豹澥街区,江夏区,0,0,0,0,218
3,B2094453DA6BA5FD459E,东湖高新嘉仕麦蛋糕店,东湖高新高农生物迷你街5-10,114.54263,30.48246,112,0027,None,64 112,糕饼店,,,,0,0,0,0,244
4,B2094452D668A3FF499E,高农生物园,湖北省武汉市江夏区002县道,114.54321533203,30.480865885417,259,0027,42,258 259,工厂,8008642011501000000,豹澥街区,江夏区,1,1,0,0,255
5,B209445CD66BAAF4479A,会展中心,湖北省武汉市江夏区002县道,114.54306423611,30.480856662326,263,0027,42,258 263,公司,,,,0,0,0,0,267
6,B2094452D26FABFD4292,葛店人福医药有限责任公司,湖北省武汉市光谷七路,114.54185791016,30.48150906033,263,0027,42,258 263,公司,8008642011501000000,豹澥街区,江夏区,2,2,1,0,334
7,B2094453DA6AA0F44398,桃子餐厅,豹澥镇高新大道生物园路,114.54128,30.479677,81,0027,None,64 69 81,湖北菜,,,,1,1,0,0,482
8,B2094451DA6FABF9429A,生物园路 光谷生物城,湖北省武汉市江夏区002县道,114.54111924913,30.480646701389,627,0027,42,601 627,一般地点标志,8008642011501000000,豹澥街区,江夏区,3,8,4,0,436
9,B2094453D36DA5F54598,神墩三路公交站,湖北省武汉市江夏区002县道,114.54145887587,30.479898546007,627,0027,42,601 627,一般地点标志,,,,0,0,0,0,453
10,B2094452DA64A4FF4293,桃子餐厅,湖北省武汉市江夏区002县道,114.541001,30.479602,68,0027,42,64 68,快餐厅,,,,0,0,0,0,508
11,B209445CD66BA0FB4593,湖北神丹健康食品有限公司,湖北省武汉市高新大道888号,114.54135579427,30.485577528212,259,0027,42,258 259,工厂,,,,1,2,1,0,507
12,B2094452D36CA5F9449C,酱油的生产地,湖北省武汉市江夏区关葛道路,114.540315,30.48722,605,0027,42,169 605,赌场,8008642011501000000,豹澥街区,江夏区,1,1,0,0,709
13,B2094451D26FA3FB4899,武汉市未来科技城,湖北省武汉市江夏区关葛道路武汉光谷创业咖啡,114.53982286241,30.488079969618,65,0027,42,64 65,咖啡厅,8008642011501000000,豹澥街区,江夏区,11,16,13,2,812
14,B2094752D069A2F9419A,武汉未来科技城华为基地,武汉未来科技城,114.5370156,30.4843293,500,0027,None,500,未知分类,8008642011501000000,豹澥街区,江夏区,43,57,33,0,811
15,B2094453DA69A1F9499D,桃花源,豹澥镇光谷七路高农生物医药产业园神墩三路,114.53623,30.480314,81,0027,None,64 69 81,湖北菜,,,,0,0,0,0,889
16,B2094452D56FABFB469B,桃花源北区,湖北省武汉市江夏区关葛道路,114.53727457682,30.479562174479,627,0027,42,601 627,一般地点标志,8008642011501000000,豹澥街区,江夏区,1,8,7,0,822
17,B2094450D568A0F54999,国药控股湖北有限公司,湖北省 武汉市 光谷七路,114.53502,30.48676,252,0027,42,44 252,楼宇机构,8008642011501000000,豹澥街区,江夏区,4,5,4,0,1087
18,B209445CD768A1FB429F,武汉锐科,湖北省武汉市江夏区002县道,114.545049,30.491677,265,0027,42,258 265,知名企业,,,,1,2,2,0,1031
19,B2094457D368A2F5459A,光谷桃花源,湖北省 武汉市 武汉生物园西路,114.53524,30.47879,627,0027,42,601 627,一般地点标志,8008642011501000000,豹澥街区,江夏区,10,11,7,0,1035
20,B2094452D06FA3F4419C,桃花源二期,武汉新技术开发区高新二路光谷七路,114.535858,30.477207,627,0027,42,601 627,一般地点标志,8008642011501000000,豹澥街区,江夏区,3,5,3,0,1065
21,B2094451D365A1F54098,华为基地,湖北省武汉市江夏区关葛道路,114.53930582682,30.491541341146,45,0027,42,44 45,产业园区,8008642011501000000,豹澥街区,江夏区,4,4,0,0,1161
22,B2094451D66AA0FB409B,九龙景苑,湖北省武汉市江夏区关葛道路,114.53973849826,30.491493326823,617,0027,42,44 617,政府机构,8008642011501000000,豹澥街区,江夏区,0,0,0,0,1137
23,B2094452D368A4F5419F,海外人才大楼A4座5楼,湖北省武汉市江夏区,114.538608,30.491543,263,0027,42,258 263,公司,8008642011501000000,豹澥街区,江夏区,0,0,0,0,1195
24,B2094453D36EA3FB4693,未来科技城,湖北省武汉市江夏区关葛道路,114.538111,30.492064,45,0027,42,44 45,产业园区,,,,1,1,0,0,1269
25,B2094655D56EA7FB469A,姚蔡湾公交站,,114.5345,30.4885,38,0027,None,19 38,公交车站,8008642011501000000,豹澥街区,江夏区,0,0,0,0,1227
26,B2094453DA69A5F44993,光谷创业咖啡(未来科技城),未来科技城海外人才大楼A座1楼,114.53805,30.491705,65,0027,None,64 65,咖啡厅,,,,1,1,0,0,1239
27,B2094453DA6AABFD499D,未来科技城食堂,未来科技城海外人才大楼2楼,114.53845,30.491693,68,0027,None,64 68,快餐厅,,,,0,0,0,0,1217
28,B2094452D365A1FB4998,海外人才大楼,湖北省武汉市江夏区关葛道路,114.538569,30.491597,263,0027,42,258 263,公司,8008642011501000000,豹澥街区,江夏区,6,6,4,0,1202
29,B209445CD669AAFD469E,生命之美,湖北省武汉市江夏区S8关豹高速,114.5365757921,30.474538302951,622,0027,42,258 622,医疗健康类公司,,,,1,1,1,0,1204
30,B209445CD76CA6FC499F,Lab 2012,湖北省武汉市江夏区关葛道路,114.5383336046,30.49238796658,636,0027,42,258 636,通讯及服务类公司,,,,1,1,0,0,1289
31,B2094451D669A3F8449F,未来科技城,湖北省武汉市江夏区关葛道路,114.537626,30.492194,45,0027,42,44 45,产业园区,8008642011501000000,豹澥街区,江夏区,7,8,4,0,1307
32,B2094452D16CAAFE4898,武汉未来科技城,湖北省武汉市江夏区光谷八路,114.537608,30.492178,628,0027,42,601 628,著名地点,8008642011501000000,豹澥街区,江夏区,4,4,1,0,1306
33,B2094452D16EABFD429E,关谷七路未来科技城,湖北省武汉市江夏区002县道,114.53859700521,30.493299696181,45,0027,42,44 45,产业园区,8008642011501000000,豹澥街区,江夏区,2,2,1,0,1365
34,B2094450DB6AAAFA409C,未来科技城,湖北省 武汉市 高新大道999号,114.53992,30.49397,252,0027,42,44 252,楼宇机构,8008642011501000000,豹澥街区,江夏区,8,10,8,0,1381
35,B2094450D56AA7F5409C,光电子研发大楼,湖北省 武汉市 高新大道999号未来科技城,114.53785,30.49311,252,0027,42,44 252,楼宇机构,8008642011501000000,豹澥街区,江夏区,6,6,1,0,1382
36,B2094452D369A0F44493,华为未来科技城,湖北省武汉市江夏区关葛道路,114.53778808594,30.492265082465,263,0027,42,258 263,公司,8008642011501000000,豹澥街区,江夏区,1,1,0,0,1305
37,B2094753D66EA1FC419F,永安康健药业有限公司,东湖新技术开发区高新二路386号,114.533608,30.475178,622,0027,None,258 622,医疗健康类公司,8008642011501000000,豹澥街区,江夏区,0,0,0,0,1371
38,B2094452D76EAAF84198,武汉市东湖高新技术开发区未来科技城,湖北省武汉市江夏区G70福银高速,114.54886962891,30.49381374783,627,0027,42,601 627,一般地点标志,8008642011501000000,豹澥街区,江夏区,1,1,0,0,1317
39,B209445CD66BA0FD4793,木兰草原度假山庄,湖北省武汉市黄皮王家河聂家岗,114.5379055447,30.49414577908,628,0027,42,601 628,著名地点,,,,1,1,1,0,1480
40,B209445CD66BA4F9479C,吾喜记酒店,湖北省武汉市江夏区002县道,114.53808159722,30.494088812934,213,0027,42,19 213,五星级宾馆,,,,2,3,2,0,1466
41,B2094453DA6BA7F5479A,喜厨时尚餐厅,光谷七路未来科技城,114.5378,30.493536,81,0027,None,64 69 81,湖北菜,,,,0,0,0,0,1425
42,B2094452D36DA6F9439E,未来科技城,湖北省武汉市江夏区002县道,114.54041042752,30.494660373264,259,0027,42,258 259,工厂,8008642011501000000,豹澥街区,江夏区,1,1,1,0,1437
43,B2094751D56EA6FE439A,武汉未来科技城,高新大道999号,114.533329,30.491912,252,0027,None,44 252,楼宇机构,8008642011501000000,豹澥街区,江夏区,133,275,151,0,1551
44,B2094452D76CABFC439A,北大资源山水年华,武汉市东湖高新区九峰二路,114.538598,30.494928,47,0027,42,44 47,住宅区,8008642011501000000,豹澥街区,江夏区,1,1,1,0,1528
45,B2094451D765A6FB4293,武汉光谷九龙大桥,湖北省武汉市江夏区G70福银高速,114.56124484592,30.476687554253,628,0027,42,601 628,著名地点,8008642011501000000,豹澥街区,江夏区,2,12,3,0,1669
46,B2094751D264A0F8449B,光谷生物城医药园,光谷七路,114.529577,30.488639,500,0027,None,500,未知分类,8008642011501000000,豹澥街区,江夏区,20,20,9,0,1648
47,B2094451DB6FA5FE419F,武汉佰恒医疗技术有限公司,湖北省武汉市江夏区,114.5276,30.487771,46,0027,42,44 46,楼宇,8008642011501000000,豹澥街区,江夏区,0,0,0,0,1788
48,B2094451DB6FA5FE4192,武汉佰恒医疗技术有限公司,湖北省武汉市江夏区,114.5276,30.487771,46,0027,42,44 46,楼宇,8008642011501000000,豹澥街区,江夏区,0,0,0,0,1788
49,B2094453DA6BA0FA4099,天下无敌酒家,九龙路,114.55901,30.47172,72,0027,None,64 69 72,广东菜,,,,0,0,0,0,1784
50,B2094451DB68A0FC429D,健康湖北,湖北省武汉市高新大道,114.52729465061,30.485639919705,622,0027,42,258 622,医疗健康类公司,8008642011501000000,豹澥街区,江夏区,1,1,1,0,1752
51,B2094655D56EA6FF429E,杉咀叶湾公交站,,114.52734,30.48871,38,0027,None,19 38,公交车站,8008642011501000000,豹澥街区,江夏区,0,0,0,0,1848
52,B2094453DA6AAAFA469D,九龙景苑,东湖新技术开发区豹解街九龙湖一号,114.55444,30.496609,81,0027,None,64 69 81,湖北菜,,,,0,0,0,0,1813
53,B209445CD66EA7FA469B,安利龙威日用百货,湖北省武汉市江夏区002县道,114.549480523,30.464351942274,120,0027,42,115 120,小商品市场,,,,1,2,1,0,2053
54,B209445CD66EA7FA4199,安利龙威,湖北省武汉市江夏区002县道,114.549480523,30.464351942274,500,0027,42,500,未知分类,,,,0,0,0,0,2053
55,B2094452D069A7FD4799,武汉龙威,湖北省武汉市江夏区002县道,114.54952501085,30.464396430122,627,0027,42,601 627,一般地点标志,8008642011501000000,豹澥街区,江夏区,5,5,4,0,2049
56,B2094452D56EAAF5469D,武汉光谷外国语学校,湖北省武汉市江夏区S8关豹高速,114.52425320095,30.474735514323,52,0027,42,51 52,高等院校,8008642011501000000,豹澥街区,江夏区,2,2,2,0,2181
57,B2094655D56CA2FE469F,豹澥收费站,,114.55086,30.46295,267,0027,None,19 267,收费站,8008642011501000000,豹澥街区,江夏区,20,25,9,0,2235
58,B2094453DA6BA0FC469B,守品谷味蒸,还建小区一期,114.55082,30.46276,68,0027,None,64 68,快餐厅,,,,0,0,0,0,2255
59,B2094453DA6AA4FC479C,荆沙土菜馆,S8关豹高速,114.54838,30.462633,87,0027,None,64 69 87,特色／地方风味餐厅,,,,0,0,0,0,2224
60,B2094655D56EA5FF469C,豹澥公交站,,114.54993,30.46085,38,0027,None,19 38,公交车站,8008642011501000000,豹澥街区,江夏区,243,431,148,0,2444
61,B209475CD068A6FB449D,汪汪狗肉馆,江夏区豹澥镇桥北路(邮政局旁),114.55041,30.46066,86,0027,None,64 69 86,火锅店,8008642011501000000,豹澥街区,江夏区,0,0,0,0,2474
62,B2094452D06DAAFE469C,中影国际影城光谷天河店,湖北省 武汉市 湖北省武汉市光谷步行街C区3楼,114.532986,30.501491,248,0027,42,169 248,生活娱乐,8008642011501000000,豹澥街区,江夏区,0,0,0,0,2423
