1,B2094655D465A7FE4399,武汉市泉井中学,,114.60871,30.48151,55,0027,None,51 55,中学,8008642011110000000,左岭镇,洪山区,20,27,8,0,315
2,B2094452D164A0FD4793,湖北经视扳刊,湖北省武汉市洪山区关葛道路,114.61373860677,30.487585449219,628,0027,42,601 628,著名地点,8008642011110000000,左岭镇,洪山区,0,0,0,0,970
3,B2094452D164A1F5479F,湖北省委民政厅,湖北省武汉市洪山区关葛道路,114.61373860677,30.487585449219,627,0027,42,601 627,一般地点标志,8008642011110000000,左岭镇,洪山区,0,0,0,0,970
4,B2094453D769A2F44798,智苑小区,湖北省武汉市洪山区关葛道路,114.61063639323,30.490850965712,627,0027,42,601 627,一般地点标志,,,,1,1,1,0,1056
5,B2094451D165AAFB489F,龙泉中学,湖北省武汉市洪山区流芳街,114.62285346137,30.488504503038,52,0027,42,51 52,高等院校,8008642011110000000,左岭镇,洪山区,1,1,1,0,1788
6,B2094655D465A7FE439E,武汉市洪山区黄陂岭小学,,114.62197,30.48858,56,0027,None,51 56,小学,8008642011110000000,左岭镇,洪山区,1,1,0,0,1714
7,B2094451D168ABF8409B,左岒新城,湖北省武汉市洪山区关葛道路,114.62288655599,30.490562608507,45,0027,42,44 45,产业园区,8008642011110000000,左岭镇,洪山区,0,0,0,0,1890
8,B2094452DA6AA3FC4999,武汉东湖新技术开发区左岭街高新大道左岭新城,武汉东湖新技术开发区左岭街高新大道左岭新城,114.625028,30.488224,627,0027,42,601 627,一般地点标志,,,,2,5,3,0,1973
9,B2094451D16CA1FA4298,武汉左岭新城兰兰好食汇专卖店,湖北省武汉市洪山区关葛道路,114.62485297309,30.489667426215,648,0027,42,64 648,零食,8008642011110000000,左岭镇,洪山区,1,30,30,5,2015
10,B2094450D465A1F4419E,左岭新城,湖北省 武汉市 武汉市东湖新技术开发区,114.62786,30.48949,627,0027,42,601 627,一般地点标志,8008642011110000000,左岭镇,洪山区,109,194,99,0,2276
