1,B209445CD66AA7FD499A,我在你妈怀里,湖北省鄂州市华容区,114.698385,30.48365,500,0711,42,500,未知分类,,,,0,0,0,0,304
2,B209445CD66AABFE4692,湖北幼儿师范学校,湖北省鄂州市华容区,114.69319498698,30.485529242622,253,0711,42,51 253,校园生活,,,,1,1,1,0,413
3,B209445CD66AA7FD4792,新西伯利亚州,湖北省鄂州市华容区,114.69314073351,30.485682237413,261,0711,42,19 261,公共厕所,,,,0,0,0,0,430
4,B2094453D36DA4F9439D,湖北省幼儿师范高等专科学校葛店校区,湖北省鄂州市华容区,114.689772,30.479985,52,0711,42,51 52,高等院校,,,,21,62,53,0,617
5,B2094453D76BA5FF4098,幼师大门,湖北省鄂州市华容区,114.68800645616,30.484978841146,116,0711,42,115 116,特色商业街,,,,1,1,1,0,778
6,B2094452D264A3F9459B,葛店,湖北省鄂州市华容区,114.69258951823,30.473916015625,170,0711,42,169 170,KTV,8008642070306000000,葛店镇,华容区,0,0,0,0,988
7,B2094452D36FA7FA4199,武城村,武城村,114.706886,30.489333,628,0711,42,601 628,著名地点,8008642070306000000,葛店镇,华容区,1,1,0,0,1332
8,B209445CD76EABFD479D,湖长湾,湖北省鄂州市华容区,114.708409,30.489549,627,0711,42,601 627,一般地点标志,,,,1,1,0,0,1467
9,B2094750D56BA5F54199,光谷东郡,葛店经济开发区高新大道与湖滨路交汇处(南区转盘),114.673576,30.492616,47,0711,None,44 47,住宅区,8008642070306000000,葛店镇,华容区,1,1,1,0,2394
10,B2094453D26DABF54692,陈范村,湖北省鄂州市华容区创业大道,114.69350830078,30.503734266493,627,0711,42,601 627,一般地点标志,,,,1,1,0,0,2381
11,B2094453D36FABFD489B,湖北幼儿师范高等专科学校,湖北省鄂州市华容区创业大道,114.691300727,30.504205457899,52,0711,42,51 52,高等院校,,,,10,44,36,0,2459
12,B2094750D56BABFC4592,比克橄榄湾,葛店经济技术开发区创业大道19号,114.673233,30.493947,47,0711,None,44 47,住宅区,8008642070306000000,葛店镇,华容区,0,0,0,0,2496
