1,B2094452D16EA4FB4792,优衣库,武昌区周家大湾55号,113.9108718533,30.517631022135,141,0027,42,115 141,服装鞋帽皮具店,8008642011413000000,索河镇,蔡甸区,1,1,0,0,756
2,B2094452D768A2FF429A,玉贤鸽翅岭,湖北省武汉市蔡甸区S15汉蔡高速,113.91222330729,30.518723687066,627,0027,42,601 627,一般地点标志,8008642011413000000,索河镇,蔡甸区,0,0,0,0,797
3,B2094451D06AA6FD459F,黄鹤楼,湖北省武汉市蔡甸区S15汉蔡高速,113.91221950955,30.519303927951,196,0027,42,194 196,公园,8008642011413000000,索河镇,蔡甸区,0,0,0,0,857
4,B2094452DA64AAFB489F,火焰村,湖北省武汉市蔡甸区永安镇火焰村,113.91281521267,30.521732584635,627,0027,42,601 627,一般地点标志,,,,1,1,1,0,1098
5,B2094453DA6BA3FF419F,聆溪谷酒楼,福星路16号,113.903755,30.525791,81,0027,None,64 69 81,湖北菜,,,,0,0,0,0,1892
6,B2094453DA69A4F44293,雄峰酒楼,嵩阳路13号,113.90469,30.527407,81,0027,None,64 69 81,湖北菜,,,,0,0,0,0,1991
7,B2094453DA69A4F4439E,光明酒楼,嵩阳路17号,113.90443,30.52667,81,0027,None,64 69 81,湖北菜,,,,0,0,0,0,1935
8,B2094655D46CA3FB4293,索河中学,,113.90151,30.52713,55,0027,None,51 55,中学,8008642011413000000,索河镇,蔡甸区,25,33,13,0,2141
9,B2094451D565AAFE429C,香草花田,湖北省武汉市蔡甸区索河镇梅池村,113.89356,30.508905,205,0027,42,194 205,采摘园,8008642011413000000,索河镇,蔡甸区,1,2,2,0,2137
10,B2094655D46CA3FB439B,嵩阳森林公园,,113.90579,30.52933,250,0027,None,194 250,公园户外,8008642011413000000,索河镇,蔡甸区,1,1,1,0,2128
