1,B2094655D56EA6FA489F,金鸡山公交站,,114.57784,30.5125,38,0027,None,19 38,公交车站,8008642011501000000,豹澥街区,江夏区,0,0,0,0,238
2,B2094655D56EA7FA4592,新店公交站,,114.58664,30.51416,38,0027,None,19 38,公交车站,8008642011501000000,豹澥街区,江夏区,16,19,4,0,1102
3,B2094655D465A2FC429D,武汉市江夏区豹澥镇潜力小学,,114.56657,30.50455,56,0027,None,51 56,小学,8008642011501000000,豹澥街区,江夏区,0,0,0,0,1196
4,B2094655D56CA3FB4992,江夏区豹澥镇潜力农民技校,,114.56658,30.50454,54,0027,None,51 54,职业技术学校,8008642011501000000,豹澥街区,江夏区,0,0,0,0,1196
5,B2094451D76AA3F54499,幸福山生命公园,湖北省武汉市江夏区316国道,114.56206624349,30.514534505208,195,0027,42,194 195,游乐场,8008642011501000000,豹澥街区,江夏区,1,1,1,0,1305
6,B2094452D36EA1FA4399,华中科技大学武昌分校,湖北省武汉市洪山区左岭路,114.59002305773,30.514122992622,52,0027,42,51 52,高等院校,8008642011100000000,洪山区,洪山区,0,0,0,0,1420
7,B2094452D164A1FA459E,武汉市没想好青年旅馆,湖北省武汉市武昌区积玉桥临江大道66号,114.59523925781,30.516462402344,218,0027,42,19 218,青年旅舍,8008642011110000000,左岭镇,洪山区,1,1,1,0,1963
8,B2094452D469ABFD419A,八叠山公墓,湖北省武汉市江夏区老武黄路,114.553774,30.510621,627,0027,42,601 627,一般地点标志,8008642011501000000,豹澥街区,江夏区,1,1,1,0,2080
9,B209445CD76BA4F84299,武汉华星光电T3项目,湖北省武汉市洪山区左庙路,114.60080485026,30.509976128472,252,0027,42,44 252,楼宇机构,,,,0,0,0,0,2449
10,B2094453D66EA7F9419B,武汉华星光电中国电子系统工程第四建设有限公司项目部,湖北省武汉市洪山区左庙路,114.6011477322,30.509708387587,259,0027,42,258 259,工厂,,,,1,1,0,0,2485
