1,B2094453D36FABFD489B,湖北幼儿师范高等专科学校,湖北省鄂州市华容区创业大道,114.691300727,30.504205457899,52,0711,42,51 52,高等院校,,,,10,44,36,0,974
2,B2094452D06CA1F8459C,湖北省鄂州市华容区铁张村,湖北省鄂州市华容区创业大道,114.68526,30.513531,606,0711,42,19 606,社区服务,8008642070302000000,华容镇,华容区,1,1,0,0,999
3,B2094453D26DABF54692,陈范村,湖北省鄂州市华容区创业大道,114.69350830078,30.503734266493,627,0711,42,601 627,一般地点标志,,,,1,1,0,0,957
4,B2094452D568AAFC439F,葛店开发区唯品会,湖北省鄂州市华容区创业大道,114.68076036241,30.523043619792,630,0711,42,258 630,电子商务公司,8008642070302000000,华容镇,华容区,1,1,1,0,1866
5,B2094452D164A2FE439A,东坡外滩,湖北省鄂州市华容区创业大道,114.67528049045,30.507797309028,248,0711,42,169 248,生活娱乐,8008642070306000000,葛店镇,华容区,0,0,0,0,2003
6,B2094452D56FA7F5469C,湖北省鄂州市葛店开发区,湖北省鄂州市华容区葛洪大道,114.69932888455,30.529936523437,627,0711,42,601 627,一般地点标志,8008642070302000000,华容镇,华容区,1,1,0,0,2013
7,B2094452DB6CA2FE4992,丁桥村,湖北省鄂州市华容区,114.71317084418,30.525455186632,628,0711,42,601 628,著名地点,,,,1,1,1,0,2247
8,B2094454D16CA6F94293,鄂州市华容区,湖北省 鄂州市 鄂州市华容区,114.717742,30.51984,627,0711,42,601 627,一般地点标志,8008642070302000000,华容镇,华容区,2,3,2,0,2294
9,B2094452D26BA0FE4199,新市民公司,湖北省鄂州市华容区人民路,114.69171278212,30.531802842882,645,0711,42,258 645,机构及其他类公司,8008642070302000000,华容镇,华容区,1,1,1,0,2218
10,B209445CD76CA6FA499E,我要你美我要你健康的美,湖北省鄂州市创业大道19号,114.67301866319,30.51901421441,260,0711,42,260,其他,,,,1,1,1,0,2292
11,B2094451D164A1F9479D,武汉职业技术学院葛店校区,湖北省鄂州市华容区创业大道,114.67188612196,30.507648925781,52,0711,42,51 52,高等院校,8008642070306000000,葛店镇,华容区,1,2,1,0,2324
12,B2094451D468A2F8429B,武汉职业技术学院,湖北省武昌市关山大道,114.685225,30.531436,627,0711,42,601 627,一般地点标志,8008642070302000000,华容镇,华容区,1,1,1,0,2364
13,B2094750D569A0FB4899,祥云春晓,东葛店开发区,114.700041,30.533481,47,0711,None,44 47,住宅区,8008642070302000000,华容镇,华容区,0,0,0,0,2413
14,B2094451D66FA0FE4799,太武湿地公园,湖北省鄂州市华容区创业大道,114.670528,30.516456,196,0711,42,194 196,公园,8008642070306000000,葛店镇,华容区,1,1,0,0,2447
