1,B2094451D06AA6FB4298,南河乡走马村叶家湾,湖北省汉川市224省道,113.78625352648,30.544467773437,627,0712,42,601 627,一般地点标志,8008642098405000000,南河乡,汉川市,1,1,0,0,964
2,B2094452D36FA5FC4198,大武汉,湖北大武汉汉口油焖大虾蟹脚面热干面好吃的人生节点镇,113.80697645399,30.540953233507,627,0712,42,601 627,一般地点标志,8008642098420000000,马口镇,汉川市,1,1,0,0,1062
3,B2094451D568A0FF479E,重庆北站,湖北省孝感市224省道,113.800259,30.533658,627,0712,42,601 627,一般地点标志,8008642098420000000,马口镇,汉川市,0,0,0,0,1061
4,B2094451DA6FA4FB4799,陈活沷,湖北省孝感市224省道,113.806738,30.546417,627,0712,42,601 627,一般地点标志,8008642098420000000,马口镇,汉川市,0,0,0,0,1116
5,B2094451DB6FA1FF4999,荆州火车站,湖北省荆州市荆州区,113.815019,30.543293,22,0712,42,19 22,火车站,8008642098420000000,马口镇,汉川市,1,1,1,0,1822
6,B2094750D66DA4FE439A,汉川火车站,None,113.814888,30.553184,22,0712,None,19 22,火车站,8008642098420000000,马口镇,汉川市,709,1174,517,0,2165
7,B2094451D768A0FC419B,汉口火车站,武汉市汉口发展大道,113.79034152561,30.525054796007,627,0712,42,601 627,一般地点标志,8008642098420000000,马口镇,汉川市,10,10,9,0,2014
8,B209445CD66EA1F9449C,英山村,湖北省孝感市224省道,113.816973,30.554493,213,0712,42,19 213,五星级宾馆,,,,1,1,0,0,2412
9,B2094451DB6BA4FE4998,宜昌市朝天吼,湖北省孝感市105省道,113.80753607856,30.562395833333,248,0712,42,169 248,生活娱乐,8008642098417000000,庙头镇,汉川市,0,0,0,0,2477
10,B2094451DB6BA4F9429B,湖北省武汉市欢乐谷,湖北省孝感市105省道,113.80753607856,30.562395833333,627,0712,42,601 627,一般地点标志,8008642098417000000,庙头镇,汉川市,3,3,3,0,2477
11,B2094451DB6BA4F8449F,欢乐谷,湖北省孝感市105省道,113.80753607856,30.562395833333,627,0712,42,601 627,一般地点标志,8008642098417000000,庙头镇,汉川市,0,0,0,0,2477
