1,B2094452D06FA4FD479B,唯一烧烤,湖北省武汉市蔡甸区S15汉蔡高速,114.01676839193,30.54264702691,269,0027,42,64 269,烧烤,8008642011408000000,蔡甸街区,蔡甸区,0,0,0,0,1017
2,B2094451D665AAFA499B,玉笋山公墓,湖北省武汉市蔡甸区S15汉蔡高速,113.99509331597,30.547106662326,627,0027,42,601 627,一般地点标志,8008642011414000000,玉贤镇,蔡甸区,1,1,1,0,1180
3,B209475CD56CA6F9449D,武汉天澍晶博休闲农庄,蔡甸区长江大学路余家台站,114.019117,30.545852,248,0027,None,169 248,生活娱乐,8008642011408000000,蔡甸街区,蔡甸区,1,1,1,0,1298
4,B2094452D16DA1FD419A,九真山,湖北省武汉市蔡甸区S15汉蔡高速,113.99280870226,30.544061686198,627,0027,42,601 627,一般地点标志,8008642011414000000,玉贤镇,蔡甸区,3,3,3,0,1292
5,B2094457D364ABFF4792,玉笋山陵园,湖北省 武汉市 武汉市，蔡甸区,113.99099,30.54539,627,0027,42,601 627,一般地点标志,8008642011414000000,玉贤镇,蔡甸区,7,7,2,0,1490
6,B2094453DA69ABF8409E,湘满楼(长大店),姚家林长江大学,114.02212,30.53662,77,0027,None,64 69 77,湖南菜,,,,0,0,0,0,1663
7,B2094453DA6AA1F94198,壹号餐厅长大店,武汉市蔡甸区长江大学美食城55-87号,114.0243,30.53836,68,0027,None,64 68,快餐厅,,,,0,0,0,0,1798
8,B2094655D46CA3FB439E,玉笋山人文生态园,,113.98815,30.53589,248,0027,None,169 248,生活娱乐,8008642011414000000,玉贤镇,蔡甸区,180,207,68,0,1876
9,B2094453D36EA0F54798,小屋,湖北省武汉市蔡甸区S15汉蔡高速,114.02493218316,30.537179361979,52,0027,42,51 52,高等院校,,,,1,1,0,0,1894
10,B2094453DA6AA7FD469A,港式烧卤饭,长江大学校区,114.024704,30.537308,86,0027,None,64 69 86,火锅店,,,,0,0,0,0,1868
11,B2094452DB6CA7FB4693,小屋,湖北省武汉市蔡甸区,114.02556477865,30.537157931858,57,0027,42,51 57,幼儿园,,,,0,0,0,0,1952
12,B2094453DA6BA1FF449B,517实惠快餐,蔡甸街华林村美食城97-98号,114.02737,30.54427,68,0027,None,64 68,快餐厅,,,,0,0,0,0,2043
13,B2094451D468A0F44192,九真山国家森林公园,湖北省武汉市蔡甸区G4京港澳高速,114.02796115451,30.536330566406,195,0027,42,194 195,游乐场,8008642011408000000,蔡甸街区,蔡甸区,1,1,1,0,2199
14,B2094450DB6BA5FB469F,武汉站,湖北省 武汉市 青山区,114.0135,30.52443,627,0027,42,601 627,一般地点标志,8008642011408000000,蔡甸街区,蔡甸区,2,2,2,0,2128
15,B2094451DA68AAF5439D,长江大学武汉校区怡红院,湖北省武汉市蔡甸区G4京港澳高速,114.02836507161,30.536511230469,52,0027,42,51 52,高等院校,8008642011408000000,蔡甸街区,蔡甸区,0,0,0,0,2230
16,B2094452DB6DA3FD4592,小姐,湖北省武汉市蔡甸区G4京港澳高速,114.02828748915,30.536295572917,52,0027,42,51 52,高等院校,,,,1,1,0,0,2230
17,B2094452DA6FA6FB4198,长江大学武汉校区联通报亭,湖北省武汉市蔡甸区G4京港澳高速,114.028189,30.536395,52,0027,42,51 52,高等院校,,,,1,1,1,0,2218
18,B2094453DA6BA1F44199,川味快餐,蔡甸街华林美食城19号,114.02827,30.53479,68,0027,None,64 68,快餐厅,,,,0,0,0,0,2286
19,B2094453DA6AA7FD469D,鑫华鸡公煲餐馆(长江大学店),长江大学华林公寓16号,114.028694,30.535511,86,0027,None,64 69 86,火锅店,,,,0,0,0,0,2295
20,B2094453DA6AA2F5499F,五星食府,长江大学商业街c-2,114.02893,30.536144,257,0027,None,64 69 257,中餐厅,,,,0,0,0,0,2294
21,B2094453DA69ABFF4999,欢乐选自助餐厅,长江大学校区华林美食城,114.02633,30.53201,268,0027,None,64 268,自助,,,,0,0,0,0,2257
22,B2094450DA6FAAFF439E,长江大学武汉校区,湖北省 武汉市 长江大学武汉校区,114.02906,30.53754,253,0027,42,51 253,校园生活,8008642011408000000,蔡甸街区,蔡甸区,15,16,13,0,2263
23,B2094457D06FA6F44698,武汉市光谷广场,湖北省 武汉市 武汉市,114.02843,30.53316,249,0027,42,115 249,购物服务,8008642011408000000,蔡甸街区,蔡甸区,52,72,51,0,2373
24,B2094451DB65A3FC459E,中山公园,湖北省武汉市江汉区,114.02775173611,30.531626519097,195,0027,42,194 195,游乐场,8008642011408000000,蔡甸街区,蔡甸区,2,2,2,0,2396
25,B2094451D669ABFA459A,R咖啡西餐酒吧,京汉大道701号万科金色家园1期F3号铺,114.0283194987,30.532897406684,65,0027,42,64 65,咖啡厅,8008642011408000000,蔡甸街区,蔡甸区,1,1,1,1,2377
26,B2094451D66BA1F8409D,长江大学蔡甸校区四季花奶茶店,湖北省武汉市蔡甸区G4京港澳高速,114.02896104601,30.53526421441,113,0027,42,64 113,冷饮店,8008642011408000000,蔡甸街区,蔡甸区,1,1,1,0,2329
27,B2094451D765AAF94698,湖北美术馆,湖北省武汉市武昌区东湖路,114.02709716797,30.530883246528,243,0027,42,194 243,纪念馆,8008642011408000000,蔡甸街区,蔡甸区,1,1,1,0,2386
28,B2094453DA6BA1F8439D,学友雅苑农家乐,大学路111号长江大学北门王家台村,114.02988,30.53799,87,0027,None,64 69 87,特色／地方风味餐厅,,,,0,0,0,0,2328
29,B2094453DA6AA2F54799,徐记爱情麻辣烫,大学城路,114.02954,30.53697,86,0027,None,64 69 86,火锅店,,,,0,0,0,0,2324
30,B2094453D26DA1FB4699,我叫叶良辰,湖北省武汉市蔡甸区G4京港澳高速,114.0290866428,30.535749511719,170,0027,42,169 170,KTV,,,,0,0,0,0,2322
31,B2094452D369A3F4479F,湖北省武汉市蔡甸区,湖北省武汉市蔡甸区,114.02863145616,30.533132866753,627,0027,42,601 627,一般地点标志,8008642011408000000,蔡甸街区,蔡甸区,2,2,0,0,2392
32,B2094451D46FA1FB4093,长江大学武汉校区,湖北省武汉市蔡甸区G4京港澳高速,114.02791015625,30.531438802083,52,0027,42,51 52,高等院校,8008642011408000000,蔡甸街区,蔡甸区,2,2,2,0,2420
33,B2094451DA68AAFB479A,北京海淀区,湖北省武汉市蔡甸区G4京港澳高速,114.02817979601,30.532036946615,65,0027,42,64 65,咖啡厅,8008642011408000000,蔡甸街区,蔡甸区,3,3,0,0,2410
34,B2094452D164A1FE4698,后官湖绿道,湖北省武汉市蔡甸区G4京港澳高速,114.02899739583,30.533312717014,195,0027,42,194 195,游乐场,8008642011408000000,蔡甸街区,蔡甸区,1,1,0,0,2415
35,B2094453DA6BA7F4469A,高鑫源餐馆,长江大学校区,114.03199,30.541853,68,0027,None,64 68,快餐厅,,,,0,0,0,0,2477
36,B2094453DA6BA6FF419C,非常食客,华林村华林美食城35号,114.0309,30.53687,648,0027,None,64 648,零食,,,,0,0,0,0,2453
37,B2094451D56BA0F4449B,昙华林,湖北省武汉市武昌区,114.02861083984,30.531319715712,627,0027,42,601 627,一般地点标志,8008642011408000000,蔡甸街区,蔡甸区,2,2,2,0,2485
38,B209445CD16FA4F44293,长江大学武汉校区女生宿舍,湖北省武汉市蔡甸区G4京港澳高速,114.02836154514,30.532301974826,627,0027,42,601 627,一般地点标志,,,,1,1,0,0,2411
