1,B2094453DA6BA7F4459D,扬州包子,长江大学校区华林美食城,114.034996,30.54185,87,0027,None,64 69 87,特色／地方风味餐厅,,,,0,0,0,0,95
2,B2094453DA6BA6FA4198,豪大大香鸡排,长江大学华林美食城,114.035385,30.541624,87,0027,None,64 69 87,特色／地方风味餐厅,,,,0,0,0,0,98
3,B2094453DA6AA1FE499E,浓汁鸡煲饭,长江大学校区华林公寓商铺13号,114.03639,30.542608,86,0027,None,64 69 86,火锅店,,,,0,0,0,0,70
4,B2094453DA6AA1F4489B,好吃点烧烤,长江大学校区华林美食城3号,114.035255,30.541735,269,0027,None,64 269,烧烤,,,,0,0,0,0,91
5,B2094453DA69ABF8409A,重庆鸡公煲,长江大学校区华林公寓,114.03515,30.54228,71,0027,None,64 69 71,四川菜,,,,0,0,0,0,55
6,B2094453DA6AA5F9419F,尚饮港,华林公寓36号,114.03482,30.540892,112,0027,None,64 112,糕饼店,,,,1,1,1,0,194
7,B2094453DA69A6F5439A,金韩泰韩国烤肉,长江大学校区华林美食城52-53号,114.0352,30.541477,96,0027,None,64 93 96,韩国料理,,,,1,1,1,0,120
8,B2094453DA6BA7F44592,好滋味烧鹅饭,长江大学校区美食城,114.03506,30.54152,68,0027,None,64 68,快餐厅,,,,0,0,0,0,121
9,B2094453DA6BA6FA4199,台湾卤肉饭,长江大学华林美食城,114.0351,30.541658,68,0027,None,64 68,快餐厅,,,,0,0,0,0,106
10,B2094453DA6BA6FA419E,咭米LOL主题便当,长江大学校区华林美食城,114.03509,30.541628,68,0027,None,64 68,快餐厅,,,,0,0,0,0,109
11,B2094453DA6BA6FA419C,黄焖鸡米饭,长江大学校区华林公寓商铺42号,114.03508,30.541739,68,0027,None,64 68,快餐厅,,,,0,0,0,0,100
12,B2094453DA6BA6FA4192,回味鸭脖特色卤水拼盘,华林美食城91号,114.03601,30.541094,87,0027,None,64 69 87,特色／地方风味餐厅,,,,0,0,0,0,156
13,B2094453DA6BA6FA429A,客莱茵,长江大学华林美食城,114.03529,30.541494,68,0027,None,64 68,快餐厅,,,,0,0,0,0,115
14,B2094453DA6BA6FA429B,旺仔餐厅,长江大学校区华林美食城,114.034904,30.541851,68,0027,None,64 68,快餐厅,,,,0,0,0,0,101
15,B2094453DA6BA6FA4298,广式生滚营养粥,长江大学校区华林美食城,114.035034,30.541698,68,0027,None,64 68,快餐厅,,,,0,0,0,0,106
16,B2094453DA6BA3FE449D,村味香,华林美食城44号,114.03498,30.54127,68,0027,None,64 68,快餐厅,,,,0,0,0,0,149
17,B2094453DA6BA3F5499D,冯氏平价美食,长江大学华林美食城,114.03506,30.541609,81,0027,None,64 69 81,湖北菜,,,,0,0,0,0,113
18,B2094453DA6AABF4459F,湘味园食府,长江大学校区华林美食城67-68号,114.036125,30.540913,257,0027,None,64 69 257,中餐厅,,,,0,0,0,0,178
19,B2094453DA6AA4FC4999,老厨房砂锅,长江大学华林美食城,114.035255,30.541475,68,0027,None,64 68,快餐厅,,,,0,0,0,0,118
20,B2094453DA6AA4FC499E,9月27号听装雪碧送起 喝到爆,长江大学校区华林美食城,114.035034,30.54168,68,0027,None,64 68,快餐厅,,,,0,0,0,0,108
21,B2094453DA6AA4FC499F,至尊鸡蛋灌饼,长江大学校区华林美食城,114.03629,30.54131,87,0027,None,64 69 87,特色／地方风味餐厅,,,,0,0,0,0,142
22,B2094453DA6AA4FC499D,罗家酱臭豆腐,长江大学校区华林美食城,114.03456,30.54156,87,0027,None,64 69 87,特色／地方风味餐厅,,,,0,0,0,0,148
23,B2094453DA6AA4FC4993,珍食惠餐厅,长江大学校区华林美食城,114.035164,30.541697,68,0027,None,64 68,快餐厅,,,,0,0,0,0,99
24,B2094453DA6AA4FD459A,朕霆天下坛焖肉米饭,长江大学桦林美食城,114.0351,30.541548,68,0027,None,64 68,快餐厅,,,,0,0,0,0,117
25,B2094453DA6AA4FD459B,味全粉面馆,长江大学华林美食城,114.03514,30.541656,87,0027,None,64 69 87,特色／地方风味餐厅,,,,0,0,0,0,104
26,B2094453DA6AA7F54293,山西名吃水饺面馆,长江大学华林美食城,114.0356,30.5414,87,0027,None,64 69 87,特色／地方风味餐厅,,,,0,0,0,0,119
27,B2094453DA6AA6F4459A,五谷渔粉,华林公寓47号,114.0342,30.54172,87,0027,None,64 69 87,特色／地方风味餐厅,,,,0,0,0,0,165
28,B2094453DA6AA0F4409C,过桥米线,长江大学校区华林美食城,114.036125,30.541092,87,0027,None,64 69 87,特色／地方风味餐厅,,,,0,0,0,0,159
29,B2094453DA6AA2F5499A,秘制牛肉饭,长江大学校区华林美食城,114.035164,30.541656,68,0027,None,64 68,快餐厅,,,,0,0,0,0,103
30,B2094453DA6AA1FE4998,香鸡煲,长江大学校区华林美食城,114.03495,30.54163,86,0027,None,64 69 86,火锅店,,,,0,0,0,0,117
31,B2094453DA6AA1FE4999,笨山大叔,长江大学校区华林美食城,114.03528,30.541454,86,0027,None,64 69 86,火锅店,,,,0,0,0,0,119
32,B2094453DA6AA1F4489A,土耳其烤肉饭,长江大学校区华林美食城,114.035126,30.541548,269,0027,None,64 269,烧烤,,,,0,0,0,0,116
33,B2094453DA69ABF8409B,渝香村,长江大学桦林美食城,114.035286,30.541525,71,0027,None,64 69 71,四川菜,,,,0,0,0,0,112
34,B2094453DA69ABF84092,御厨坊,长江大学校区,114.035385,30.541544,257,0027,None,64 69 257,中餐厅,,,,0,0,0,0,107
35,B2094453DA69ABF8419A,好食寨家常菜馆,长江大学华林美食城,114.03577,30.541248,73,0027,None,64 69 73,山东菜,,,,0,0,0,0,136
36,B2094453DA69ABF84193,张姐烤肉拌饭,长江大学华林美食城,114.03586,30.541246,269,0027,None,64 269,烧烤,,,,0,0,0,0,137
37,B2094453DA68A5FD4193,鑫品牛肉面馆,长江大学校区,114.035126,30.541628,87,0027,None,64 69 87,特色／地方风味餐厅,,,,0,0,0,0,108
38,B2094453DA6BA7F4459F,豪大大鸡排(上海台雅有限公司店),长江大学美食城100号,114.03478,30.540783,87,0027,None,64 69 87,特色／地方风味餐厅,,,,0,0,0,0,207
39,B2094453DA6BA7F44593,酷烤,长江大学华林美食城51号,114.034775,30.540773,68,0027,None,64 68,快餐厅,,,,0,0,0,0,208
40,B2094453DA6BA6FA4193,洪港卤味,长江大学校区华林美食城,114.03477,30.54077,87,0027,None,64 69 87,特色／地方风味餐厅,,,,0,0,0,0,208
41,B2094453DA6BA3FD469E,百味馆特色烧烤,长江大学校区,114.03477,30.54077,269,0027,None,64 269,烧烤,,,,0,0,0,0,208
42,B2094453DA6AA5F94199,苏阁奶茶,长江大学美食城76号,114.035255,30.540436,112,0027,None,64 112,糕饼店,,,,0,0,0,0,230
43,B2094453DA6AA4FD4598,乐华仕餐厅,华林美食城42号,114.035515,30.53992,68,0027,None,64 68,快餐厅,,,,0,0,0,0,284
44,B2094453DA6AA4FF4593,兰州拉面,长江大学校区华林公寓商铺,114.03477,30.54077,90,0027,None,64 69 90,清真餐馆,,,,0,0,0,0,208
45,B2094453DA6AA6F44592,薄冰羊肉粉,华林美食城96号,114.03866,30.54239,87,0027,None,64 69 87,特色／地方风味餐厅,,,,0,0,0,0,286
46,B2094453DA69ABFF499E,欢乐选自助餐厅,华林美食城94--95号,114.034775,30.540773,268,0027,None,64 268,自助,,,,0,0,0,0,208
47,B2094453DA69ABF8409C,现烤披萨,华林美食城54号,114.034775,30.540773,94,0027,None,64 93 94,西餐厅,,,,0,0,0,0,208
48,B2094453DA69ABF84093,至尊黑椒扒饭,长江大学校区华林美食城,114.0349,30.54022,257,0027,None,64 69 257,中餐厅,,,,0,0,0,0,261
49,B2094453DA69ABF8419B,NO1南渤湾食府,长江大学美食城,114.034775,30.540773,257,0027,None,64 69 257,中餐厅,,,,0,0,0,0,208
50,B2094453DA69ABF84199,雅欣时尚餐厅,华林美食城63--64号,114.034775,30.540773,257,0027,None,64 69 257,中餐厅,,,,0,0,0,0,208
51,B2094453DA6BA7F4469A,高鑫源餐馆,长江大学校区,114.03199,30.541853,68,0027,None,64 68,快餐厅,,,,0,0,0,0,360
52,B2094453DA6BA7F44698,台湾手抓饼,华林美食城21号,114.035255,30.539036,87,0027,None,64 69 87,特色／地方风味餐厅,,,,0,0,0,0,384
53,B2094453DA6BA0FC479E,紫怡轩盖饭,华林美食城101号,114.03973,30.5422,68,0027,None,64 68,快餐厅,,,,0,0,0,0,389
54,B2094453DA6BA7FF4193,隔壁老王,长江大学华林美食城119号,114.0396,30.54195,68,0027,None,64 68,快餐厅,,,,0,0,0,0,380
55,B2094453DA6BA2F4469E,米苏蛋糕,华林公寓48号,114.035164,30.539776,112,0027,None,64 112,糕饼店,,,,0,0,0,0,304
56,B2094453DA6BA2F4469F,吉食来饼店,长江大学美食城34号,114.0353,30.53929,112,0027,None,64 112,糕饼店,,,,0,0,0,0,356
57,B2094453DA6AA7FD4699,土豆焖鸡煲,华林美食城73号,114.03951,30.54276,86,0027,None,64 69 86,火锅店,,,,0,0,0,0,369
58,B2094453DA6AA7F94192,王中王餐厅,华林美食城65—66号,114.03885,30.54281,68,0027,None,64 68,快餐厅,,,,0,0,0,0,306
59,B2094453DA6AA6F4459F,沙县小吃,长江大学校区华林公寓33号,114.036995,30.536974,87,0027,None,64 69 87,特色／地方风味餐厅,,,,0,0,0,0,625
60,B2094453DA6AA7F9429A,贵宾阁,长江大学校区红太阳网吧旁,114.03665,30.536839,68,0027,None,64 68,快餐厅,,,,0,0,0,0,634
61,B2094453DA6AA1FC4792,湘约木桶饭,长江大学武汉校区美食城55号,114.03265,30.5371,77,0027,None,64 69 77,湖南菜,,,,0,0,0,0,665
62,B2094453DA6BA1FE4598,功夫煲仔,长江大学校区华林公寓,114.03769,30.535864,68,0027,None,64 68,快餐厅,,,,0,0,0,0,760
63,B2094453DA6BA1F8439D,学友雅苑农家乐,大学路111号长江大学北门王家台村,114.02988,30.53799,87,0027,None,64 69 87,特色／地方风味餐厅,,,,0,0,0,0,747
64,B2094453DA6BA6FF419C,非常食客,华林村华林美食城35号,114.0309,30.53687,648,0027,None,64 648,零食,,,,0,0,0,0,774
65,B2094453DA6BA1FF449B,517实惠快餐,蔡甸街华林村美食城97-98号,114.02737,30.54427,68,0027,None,64 68,快餐厅,,,,0,0,0,0,822
66,B2094453DA6AA2F54799,徐记爱情麻辣烫,大学城路,114.02954,30.53697,86,0027,None,64 69 86,火锅店,,,,0,0,0,0,849
67,B2094450DA6FAAFF439E,长江大学武汉校区,湖北省 武汉市 长江大学武汉校区,114.02906,30.53754,253,0027,42,51 253,校园生活,8008642011408000000,蔡甸街区,蔡甸区,15,16,13,0,839
68,B2094451DA68AAF5439D,长江大学武汉校区怡红院,湖北省武汉市蔡甸区G4京港澳高速,114.02836507161,30.536511230469,52,0027,42,51 52,高等院校,8008642011408000000,蔡甸街区,蔡甸区,0,0,0,0,965
69,B2094452DB6DA3FD4592,小姐,湖北省武汉市蔡甸区G4京港澳高速,114.02828748915,30.536295572917,52,0027,42,51 52,高等院校,,,,1,1,0,0,987
70,B2094452DA6FA6FB4198,长江大学武汉校区联通报亭,湖北省武汉市蔡甸区G4京港澳高速,114.028189,30.536395,52,0027,42,51 52,高等院校,,,,1,1,1,0,986
71,B2094453DA6AA2F5499F,五星食府,长江大学商业街c-2,114.02893,30.536144,257,0027,None,64 69 257,中餐厅,,,,0,0,0,0,956
72,B2094453D26DA1FB4699,我叫叶良辰,湖北省武汉市蔡甸区G4京港澳高速,114.0290866428,30.535749511719,170,0027,42,169 170,KTV,,,,0,0,0,0,979
73,B2094452D269A4FF439C,你后边,湖北省武汉市蔡甸区蔡甸服务区,114.03269395616,30.534265950521,627,0027,42,601 627,一般地点标志,8008642011408000000,蔡甸街区,蔡甸区,2,2,1,0,957
74,B2094451D468A0F44192,九真山国家森林公园,湖北省武汉市蔡甸区G4京港澳高速,114.02796115451,30.536330566406,195,0027,42,194 195,游乐场,8008642011408000000,蔡甸街区,蔡甸区,1,1,1,0,1007
75,B2094451D66BA1F8409D,长江大学蔡甸校区四季花奶茶店,湖北省武汉市蔡甸区G4京港澳高速,114.02896104601,30.53526421441,113,0027,42,64 113,冷饮店,8008642011408000000,蔡甸街区,蔡甸区,1,1,1,0,1029
76,B2094453DA6AA7FD469D,鑫华鸡公煲餐馆(长江大学店),长江大学华林公寓16号,114.028694,30.535511,86,0027,None,64 69 86,火锅店,,,,0,0,0,0,1024
77,B2094453D36EA0F54798,小屋,湖北省武汉市蔡甸区S15汉蔡高速,114.02493218316,30.537179361979,52,0027,42,51 52,高等院校,,,,1,1,0,0,1187
78,B2094453DA6BA1F44199,川味快餐,蔡甸街华林美食城19号,114.02827,30.53479,68,0027,None,64 68,快餐厅,,,,0,0,0,0,1112
79,B2094453DA6AA7FD469A,港式烧卤饭,长江大学校区,114.024704,30.537308,86,0027,None,64 69 86,火锅店,,,,0,0,0,0,1199
80,B2094453DA6AA1F94198,壹号餐厅长大店,武汉市蔡甸区长江大学美食城55-87号,114.0243,30.53836,68,0027,None,64 68,快餐厅,,,,0,0,0,0,1183
81,B2094452DB6CA7FB4693,小屋,湖北省武汉市蔡甸区,114.02556477865,30.537157931858,57,0027,42,51 57,幼儿园,,,,0,0,0,0,1136
82,B2094750D565A5FA449D,长江大学武汉校区,湖北省 武汉市 蔡甸区大学路特一号,114.029245,30.530993,52,0027,6,51 52,高等院校,8008642011408000000,蔡甸街区,蔡甸区,1677,9439,4410,0,1419
83,B2094457D06FA6F44698,武汉市光谷广场,湖北省 武汉市 武汉市,114.02843,30.53316,249,0027,42,115 249,购物服务,8008642011408000000,蔡甸街区,蔡甸区,52,72,51,0,1248
84,B2094452D164A1FE4698,后官湖绿道,湖北省武汉市蔡甸区G4京港澳高速,114.02899739583,30.533312717014,195,0027,42,194 195,游乐场,8008642011408000000,蔡甸街区,蔡甸区,1,1,0,0,1204
85,B2094451D669ABFA459A,R咖啡西餐酒吧,京汉大道701号万科金色家园1期F3号铺,114.0283194987,30.532897406684,65,0027,42,64 65,咖啡厅,8008642011408000000,蔡甸街区,蔡甸区,1,1,1,1,1278
86,B2094453DA6BABF84199,蔡甸服务区餐厅,蔡甸服务区,114.046196,30.535624,81,0027,None,64 69 81,湖北菜,,,,0,0,0,0,1264
87,B2094655D465AAFF499E,(蔡甸服务区)客房部(1),,114.04618,30.53565,217,0027,None,19 217,旅馆招待所,8008642011408000000,蔡甸街区,蔡甸区,0,0,0,0,1261
88,B2094452D369A3F4479F,湖北省武汉市蔡甸区,湖北省武汉市蔡甸区,114.02863145616,30.533132866753,627,0027,42,601 627,一般地点标志,8008642011408000000,蔡甸街区,蔡甸区,2,2,0,0,1240
89,B2094451DA68AAFB479A,北京海淀区,湖北省武汉市蔡甸区G4京港澳高速,114.02817979601,30.532036946615,65,0027,42,64 65,咖啡厅,8008642011408000000,蔡甸街区,蔡甸区,3,3,0,0,1366
90,B2094655D468AAF5499C,(蔡甸服务区)便利超市,,114.04647,30.53447,117,0027,None,115 117,便民商店/便利店,8008642011408000000,蔡甸街区,蔡甸区,0,0,0,0,1365
91,B209445CD768ABF4469B,长江大学武汉校区,天津市天津市武汉市蔡甸区,114.029301,30.531521,253,0022,12,51 253,校园生活,,,,0,0,0,0,1364
92,B209445CD16FA4F44293,长江大学武汉校区女生宿舍,湖北省武汉市蔡甸区G4京港澳高速,114.02836154514,30.532301974826,627,0027,42,601 627,一般地点标志,,,,1,1,0,0,1332
93,B2094655D56CA2FF469C,后官湖大桥,,114.04854,30.55013,250,0027,None,194 250,公园户外,8008642011408000000,蔡甸街区,蔡甸区,34,35,22,0,1499
94,B2094451DB65A3FC459E,中山公园,湖北省武汉市江汉区,114.02775173611,30.531626519097,195,0027,42,194 195,游乐场,8008642011408000000,蔡甸街区,蔡甸区,2,2,2,0,1427
95,B2094451D46FA1FB4093,长江大学武汉校区,湖北省武汉市蔡甸区G4京港澳高速,114.02791015625,30.531438802083,52,0027,42,51 52,高等院校,8008642011408000000,蔡甸街区,蔡甸区,2,2,2,0,1436
96,B2094451D56DA2FD479C,蔡甸石油专科学校,湖北省武汉市蔡甸区G4京港澳高速,114.02881212023,30.530831163194,52,0027,42,51 52,高等院校,8008642011408000000,蔡甸街区,蔡甸区,1,1,1,0,1453
97,B2094453DA69ABFF4999,欢乐选自助餐厅,长江大学校区华林美食城,114.02633,30.53201,268,0027,None,64 268,自助,,,,0,0,0,0,1470
98,B2094453DA69ABF8409E,湘满楼(长大店),姚家林长江大学,114.02212,30.53662,77,0027,None,64 69 77,湖南菜,,,,0,0,0,0,1454
99,B2094452D268A3FF479E,biu,北京市西路,114.02886745877,30.530887315538,170,0027,42,169 170,KTV,8008642011408000000,蔡甸街区,蔡甸区,0,0,0,0,1445
100,B2094753D16FA3FE4993,职工疗养院,近郊蔡甸区蔡甸街张家渡,114.047561,30.534875,214,0027,None,19 214,四星级宾馆,8008642011408000000,蔡甸街区,蔡甸区,1,1,0,0,1419
101,B2094655D56DAAFB429A,蔡甸服务区,,114.0476,30.53434,250,0027,None,194 250,公园户外,8008642011408000000,蔡甸街区,蔡甸区,0,0,0,0,1458
102,B2094453D764A2FB4093,长江大学武汉校区体育馆,湖北省武汉市蔡甸区G4京港澳高速,114.0293117947,30.530731608073,252,0027,42,44 252,楼宇机构,,,,1,1,1,0,1442
103,B2094451D56BA0F4449B,昙华林,湖北省武汉市武昌区,114.02861083984,30.531319715712,627,0027,42,601 627,一般地点标志,8008642011408000000,蔡甸街区,蔡甸区,2,2,2,0,1414
104,B2094655D465AAFF4992,(蔡甸服务区)餐饮部(2),,114.04831,30.53421,257,0027,None,64 69 257,中餐厅,8008642011408000000,蔡甸街区,蔡甸区,10,11,3,3,1520
105,B2094451DA68A4FB4692,长江大学,湖北省武汉市蔡甸区,114.03329996745,30.528416612413,52,0027,42,51 52,高等院校,8008642011408000000,蔡甸街区,蔡甸区,0,0,0,0,1581
106,B2094451D56CA7FF459E,蔡甸皇家石油学院,湖北省武汉市蔡甸区G4京港澳高速,114.02901774089,30.529635145399,52,0027,42,51 52,高等院校,8008642011408000000,蔡甸街区,蔡甸区,1,1,1,0,1565
107,B2094451D765AAF94698,湖北美术馆,湖北省武汉市武昌区东湖路,114.02709716797,30.530883246528,243,0027,42,194 243,纪念馆,8008642011408000000,蔡甸街区,蔡甸区,1,1,1,0,1530
108,B2094655D465AAFF4993,(蔡甸服务区)商品部(2),,114.0483,30.53402,117,0027,None,115 117,便民商店/便利店,8008642011408000000,蔡甸街区,蔡甸区,0,0,0,0,1533
109,B2094751DA68ABF4499C,中核世纪广场,武汉市蔡甸区姚家山开发区,114.033851,30.556441,248,0027,None,169 248,生活娱乐,8008642011408000000,蔡甸街区,蔡甸区,11,11,8,0,1565
110,B2094751D46CA6F94498,(蔡甸服务区)加油站,湖北省,武汉市,蔡甸区,蔡甸服务区,114.047817,30.533144,657,0027,42,19 153 657,中国石化,8008642011408000000,蔡甸街区,蔡甸区,1,1,0,0,1559
111,B2094452DA6EAAFE439A,长大图书馆二楼,湖北省武汉市蔡甸区G4京港澳高速,114.02943277995,30.528945041233,52,0027,42,51 52,高等院校,,,,1,1,0,0,1620
112,B209445CD76CA2FA489B,长江大学武汉校区图书馆,湖北省武汉市蔡甸区大学路特一号,114.02874077691,30.529274631076,253,0027,42,51 253,校园生活,,,,6,6,5,0,1613
113,B2094451DB6BA2FE499A,石油科技大楼,湖北省武汉市蔡甸区G4京港澳高速,114.032287,30.528345,252,0027,42,44 252,楼宇机构,8008642011408000000,蔡甸街区,蔡甸区,1,1,0,0,1606
114,B2094451D56FABF9499D,长江大学图书馆,湖北省武汉市蔡甸区G4京港澳高速,114.02816514757,30.529245062934,627,0027,42,601 627,一般地点标志,8008642011408000000,蔡甸街区,蔡甸区,11,13,8,0,1639
115,B209475CD56CA6F9449D,武汉天澍晶博休闲农庄,蔡甸区长江大学路余家台站,114.019117,30.545852,248,0027,None,169 248,生活娱乐,8008642011408000000,蔡甸街区,蔡甸区,1,1,1,0,1632
116,B209445CD66EA5FA469F,读书馆,湖北省武汉市蔡甸区长江大学,114.029007,30.529023,627,0027,42,601 627,一般地点标志,,,,0,0,0,0,1628
117,B2094451DB6EA6FD429B,长江大学图书馆,武汉市蔡甸区长江大学图书馆,114.028959,30.528249,52,0027,42,51 52,高等院校,8008642011408000000,蔡甸街区,蔡甸区,8,8,6,0,1709
118,B2094453D769A7FA419F,周黑鸭麻辣,湖北省武汉市蔡甸区G4京港澳高速,114.038377,30.527337,65,0027,42,64 65,咖啡厅,,,,0,0,0,0,1704
119,B2094452D06FA4FD479B,唯一烧烤,湖北省武汉市蔡甸区S15汉蔡高速,114.01676839193,30.54264702691,269,0027,42,64 269,烧烤,8008642011408000000,蔡甸街区,蔡甸区,0,0,0,0,1813
120,B2094450DA65A6FB409E,中核世纪广场 唐三彩美妆连锁,湖北省 武汉市 武汉蔡甸大道中核世纪广场欧尚超市-1F,114.03518,30.56122,249,0027,42,115 249,购物服务,8008642011408000000,蔡甸街区,蔡甸区,2,2,1,0,2088
