1,B2094452D76FABFD4599,江洪,湖北省黄石市106国道,115.03577555339,30.001124403212,627,0714,42,601 627,一般地点标志,8008642028105000000,大箕铺镇,大冶市,1,1,0,0,971
2,B2094452D16AA3FF4299,黄石震邦保安服务有限公司震旺分公司,湖北省黄石市106国道,115.03450819227,30.007265082465,645,0714,42,258 645,机构及其他类公司,8008642028105000000,大箕铺镇,大冶市,1,1,1,0,991
3,B2094453D268A0F8499B,黄石震邦保安公司震旺分公司,湖北省大冶市大箕铺镇小箕铺上街小区71号,115.034757,30.007207,259,0714,42,258 259,工厂,,,,1,1,0,0,1008
4,B2094451D664A7FF409C,四季优美随便果—四季排毒,湖北省黄石市106国道,115.03387125651,30.010885416667,248,0714,42,169 248,生活娱乐,8008642028105000000,大箕铺镇,大冶市,1,1,1,0,1213
5,B2094451D56AAAFE479B,K1267次列车4号车厢,湖北省黄石市106国道,115.03815782335,30.007355685764,627,0714,42,601 627,一般地点标志,8008642028105000000,大箕铺镇,大冶市,1,1,0,0,1306
6,B2094451D56AAAFE469C,K1267,4号车厢,115.03815782335,30.007355685764,627,0714,42,601 627,一般地点标志,8008642028105000000,大箕铺镇,大冶市,0,0,0,0,1306
7,B2094451DB6FA6FA479A,白沙镇四丰村,湖北省黄石市106国道,115.02946153429,29.988563096788,627,0714,42,601 627,一般地点标志,8008642028105000000,大箕铺镇,大冶市,1,1,0,0,1590
8,B209445CD76DA1FC4198,鄂州,湖北省黄石市106国道,115.04305365668,30.007247992622,22,0714,42,19 22,火车站,,,,0,0,0,0,1742
9,B209445CD16BAAF44299,姜亿万,湖北省黄石市106国道,115.04393636068,30.00629937066,627,0714,42,601 627,一般地点标志,,,,0,0,0,0,1796
10,B2094451D76FABFF4693,大冶市大箕铺,湖北省黄石市106国道,115.02818196615,30.019298773872,627,0714,42,601 627,一般地点标志,8008642028105000000,大箕铺镇,大冶市,1,1,1,0,1884
11,B209445CD76CA6F8439F,大箕铺石应高,湖北省黄石市106国道,115.04577935113,30.000105523003,627,0714,42,601 627,一般地点标志,,,,1,1,1,0,1942
12,B2094452DA6BAAFD4992,马青山,湖北省黄石市106国道,115.04557,30.006852,627,0714,42,601 627,一般地点标志,,,,1,1,0,0,1964
13,B209445CD76CA6F8439A,石应高,湖北省黄石市106国道,115.04589463976,30.000118815104,627,0714,42,601 627,一般地点标志,,,,0,0,0,0,1952
14,B209445CD66FA4FA4798,黄石有线电视台,湖北省黄石市天津路129号,115.00524359809,29.997472059462,263,0714,42,258 263,公司,,,,1,1,1,0,2062
