1,B209445CD76CA6F8439F,大箕铺石应高,湖北省黄石市106国道,115.04577935113,30.000105523003,627,0714,42,601 627,一般地点标志,,,,1,1,1,0,960
2,B209445CD76CA6F8439A,石应高,湖北省黄石市106国道,115.04589463976,30.000118815104,627,0714,42,601 627,一般地点标志,,,,0,0,0,0,949
3,B2094452D76FABF8419A,黄石 鑫东生态园,湖北省黄石市106国道,115.0521359592,30.011984320747,65,0714,42,64 65,咖啡厅,8008642028105000000,大箕铺镇,大冶市,0,0,0,0,1100
4,B2094452DA6BAAFD4992,马青山,湖北省黄石市106国道,115.04557,30.006852,627,0714,42,601 627,一般地点标志,,,,1,1,0,0,1060
5,B2094452DA65A3FB4999,湖北某地,湖北省黄石市106国道,115.05255750868,29.99224202474,627,0714,42,601 627,一般地点标志,,,,1,1,1,0,1173
6,B209445CD16BAAF44299,姜亿万,湖北省黄石市106国道,115.04393636068,30.00629937066,627,0714,42,601 627,一般地点标志,,,,0,0,0,0,1179
7,B209445CD76DA1FC4198,鄂州,湖北省黄石市106国道,115.04305365668,30.007247992622,22,0714,42,19 22,火车站,,,,0,0,0,0,1298
8,B2094451D56AAAFE479B,K1267次列车4号车厢,湖北省黄石市106国道,115.03815782335,30.007355685764,627,0714,42,601 627,一般地点标志,8008642028105000000,大箕铺镇,大冶市,1,1,0,0,1743
9,B2094451D56AAAFE469C,K1267,4号车厢,115.03815782335,30.007355685764,627,0714,42,601 627,一般地点标志,8008642028105000000,大箕铺镇,大冶市,0,0,0,0,1743
10,B2094452D76FABFD4599,江洪,湖北省黄石市106国道,115.03577555339,30.001124403212,627,0714,42,601 627,一般地点标志,8008642028105000000,大箕铺镇,大冶市,1,1,0,0,1893
11,B2094451D76CA4FA4699,咸宁市咸安区,湖北省黄石市阳新县106国道,115.05514078776,29.985778537326,627,0714,42,601 627,一般地点标志,8008642022206000000,白沙镇,阳新县,0,0,0,0,1862
12,B2094453D268A0F8499B,黄石震邦保安公司震旺分公司,湖北省大冶市大箕铺镇小箕铺上街小区71号,115.034757,30.007207,259,0714,42,258 259,工厂,,,,1,1,0,0,2053
13,B2094452D16AA3FF4299,黄石震邦保安服务有限公司震旺分公司,湖北省黄石市106国道,115.03450819227,30.007265082465,645,0714,42,258 645,机构及其他类公司,8008642028105000000,大箕铺镇,大冶市,1,1,1,0,2078
14,B2094451D664A7FF409C,四季优美随便果—四季排毒,湖北省黄石市106国道,115.03387125651,30.010885416667,248,0714,42,169 248,生活娱乐,8008642028105000000,大箕铺镇,大冶市,1,1,1,0,2271
15,B2094451D06BA0FD4792,黄石阳新县程家垅,湖北省黄石市106国道,115.04619384766,30.022185872396,627,0714,42,601 627,一般地点标志,8008642028105000000,大箕铺镇,大冶市,1,1,1,0,2362
