1,B2094452D169A6F4419E,阳光小区,湖北省荆州市103省道,113.72280436198,30.039008789062,627,0716,42,601 627,一般地点标志,8008642108304000000,大同湖管理区,洪湖市,0,0,0,0,1496
2,B2094452D46AA3FD449A,东方酒店,湖北省洪湖市大同湖管理区,113.722074,30.03912,257,0716,42,64 69 257,中餐厅,8008642108304000000,大同湖管理区,洪湖市,0,0,0,0,1564
3,B209445CD769A6F4439D,大同湖,湖北省荆州市103省道,113.7210812717,30.028994411892,148,0716,42,19 148,美容美发店,,,,0,0,0,0,1515
4,B209445CD76DA1FD409D,大同湖客运站,湖北省荆州市103省道,113.721599,30.038732,627,0716,42,601 627,一般地点标志,,,,1,1,1,0,1584
5,B2094452DB6DA5FE4693,洪湖市保安广场,湖北省荆州市103省道,113.72060356988,30.036510687934,627,0716,42,601 627,一般地点标志,,,,1,1,1,0,1582
6,B2094452DB6DA5FE479F,洪湖市保安广场,湖北省荆州市103省道,113.72123399523,30.036253526476,627,0716,42,601 627,一般地点标志,,,,1,1,1,0,1516
7,B2094452DB6DA5FE4598,洪湖市保安广场,湖北省荆州市103省道,113.72067247179,30.036480848524,627,0716,42,601 627,一般地点标志,,,,1,1,1,0,1575
8,B2094452D46AA3FD449F,大同湖管理区东方酒店,湖北省荆州市103省道,113.71958468967,30.038720431858,257,0716,42,64 69 257,中餐厅,8008642108304000000,大同湖管理区,洪湖市,0,0,0,0,1760
9,B2094452D464A6F84398,德玛西亚,湖北省荆州市103省道,113.718133,30.035243,627,0716,42,601 627,一般地点标志,8008642108304000000,大同湖管理区,洪湖市,0,0,0,0,1781
10,B2094453D268A1F8499D,大同湖管理区东方酒店,湖北省荆州市103省道,113.72024251302,30.042316351997,257,0716,42,64 69 257,中餐厅,,,,1,1,1,0,1903
11,B2094453D268A1F84699,同新路东方酒店,湖北省荆州市103省道,113.72024251302,30.042316351997,257,0716,42,64 69 257,中餐厅,,,,0,0,0,0,1903
12,B2094750DA69A5FF499B,洪湖市大同湖管理区,None,113.713508,30.035467,500,0716,None,500,未知分类,8008642108304000000,大同湖管理区,洪湖市,49,70,29,0,2224
