1,B2094451D46DA3FC4793,江汉大学,湖北省武汉市洪山区雄楚大道,114.536197,30.574727,52,0027,42,51 52,高等院校,8008642011101000000,花山镇,洪山区,0,0,0,0,1990
2,B2094452D56CA3FC4399,佰仟金融武汉运营中心,湖北省武汉市洪山区G70福银高速,114.50623887804,30.556573621962,259,0027,42,258 259,工厂,8008642011101000000,花山镇,洪山区,1,2,2,0,1958
3,B2094655D56EA7F4479E,张公山寨风景区,武汉市青山区白玉山街张公山寨严西湖畔,114.50189,30.58821,207,0027,None,194 207,度假疗养场所,8008642011108000000,建设乡,洪山区,675,817,478,0,2219
4,B2094453DA6AA5FD409C,胜强郭氏农庄,白玉山严西湖胜强村,114.49908,30.58384,87,0027,None,64 69 87,特色／地方风味餐厅,,,,0,0,0,0,2051
5,B2094452DB6CA7FA4598,花城大道软件新城,湖北省武汉市洪山区G70福银高速,114.50547688802,30.555992838542,263,0027,42,258 263,公司,,,,2,3,2,0,2049
6,B2094453D26CAAFB499B,IBM武汉,湖北省武汉市洪山区G70福银高速,114.50309163411,30.556447211372,46,0027,42,44 46,楼宇,,,,0,0,0,0,2125
7,B2094655D56EA6FE449B,顺水口公交站,,114.52696,30.55431,38,0027,None,19 38,公交车站,8008642011101000000,花山镇,洪山区,0,0,0,0,2266
8,B2094757D565A3FE449F,张公山寨严西湖生态园,湖北省武汉市洪山区,114.50161751392523,30.58954420553043,607,0027,None,194 607,一般景点,8008642011108000000,建设乡,洪山区,60,63,25,3,2355
9,B2094452D76AA3FD449C,雅梦订制工作室,湖北省武汉市洪山区G70福银高速,114.53137858073,30.588078884549,116,0027,42,115 116,特色商业街,8008642011100000000,洪山区,洪山区,1,103,103,0,2325
10,B2094451D465A7F4439A,花山生态艺术馆,武汉市花山镇花城大道特1号,114.498339,30.557161,263,0027,42,258 263,公司,8008642011101000000,花山镇,洪山区,0,0,0,0,2356
