1,B2094655D468AAF5429E,武汉市新洲区双柳街中心小学,,114.65827,30.58472,56,0027,None,51 56,小学,8008642011712000000,双柳街区,新洲区,341,400,48,0,1552
2,B2094652D76EA3F54398,城塘城遗址,,114.65989,30.55839,250,0711,None,194 250,公园户外,8008642070306000000,葛店镇,华容区,18,25,12,0,1622
3,B2094451D66FA7F5419D,双柳武船,湖北省武汉市新洲区112省道,114.67020236545,30.586561686198,259,0027,42,258 259,工厂,8008642011712000000,双柳街区,新洲区,3,3,1,0,1667
4,B2094451DB6BA4F4459D,武汉新港古龙产业园古龙村,湖北省武汉市新洲区学林路,114.656926,30.585171,627,0027,42,601 627,一般地点标志,8008642011712000000,双柳街区,新洲区,1,1,1,0,1656
5,B2094451DB6BA4F44598,武汉市新洲区双柳街古龙村,武汉新港古龙产业园古龙村,114.65705430773,30.585207519531,627,0027,42,601 627,一般地点标志,8008642011712000000,双柳街区,新洲区,0,0,0,0,1653
6,B2094451D56FA5FB4392,建港公交站,湖北省武汉市汉阳区鹦鹉大道,114.67363145616,30.586674262153,676,0027,42,115 676,售货机,8008642011712000000,双柳街区,新洲区,0,0,0,0,1799
7,B2094451DA6AA4FC469A,武汉新洲双柳,湖北省武汉市新洲区112省道,114.66704210069,30.589254828559,195,0027,42,194 195,游乐场,8008642011712000000,双柳街区,新洲区,0,0,0,0,1908
8,B2094451D56FAAF8449E,芳卉园,湖北省武汉市汉阳区鹦鹉大道,114.67022379557,30.589034830729,65,0027,42,64 65,咖啡厅,8008642011712000000,双柳街区,新洲区,0,0,0,0,1934
9,B209445CD668A3F44799,武汉市阳逻经济开发区武船双柳装备基地,湖北省武汉市新洲区112省道,114.66471652561,30.59062093099,265,0027,42,258 265,知名企业,,,,1,1,0,0,2054
10,B2094451DA6EAAFE459A,地狱之门,湖北省武汉市新洲区112省道,114.66501708984,30.591925726997,627,0027,42,601 627,一般地点标志,8008642011712000000,双柳街区,新洲区,0,0,0,0,2198
11,B2094451DB6EA4F84999,天紫广场,湖北省武汉市武昌区中南路,114.64787136502,30.584515516493,638,0027,42,258 638,金融服务类公司,8008642011712000000,双柳街区,新洲区,0,0,0,0,2165
12,B2094452D16CA6FB469C,双柳派出所,湖北省武汉市新洲区学林路,114.648825,30.586048,609,0027,42,44 609,警察局,8008642011712000000,双柳街区,新洲区,0,0,0,0,2211
13,B2094453DA6BA7F8419A,聚缘轩酒店,学林路149号,114.65057,30.589216,81,0027,None,64 69 81,湖北菜,,,,0,0,0,0,2366
