1,B2094655D56EA7FB409C,熊家台公交站,,114.06907,30.59722,38,0027,None,19 38,公交车站,8008642011209000000,慈惠街区,东西湖区,0,0,0,0,660
2,B2094655D56EA6F9429B,毛家台公交站,,114.07282,30.59892,38,0027,None,19 38,公交车站,8008642011209000000,慈惠街区,东西湖区,0,0,0,0,772
3,B2094451D56EAAFB4292,联集,湖北省武汉市东西湖区惠安大道,114.07300103082,30.605156521267,263,0027,42,258 263,公司,8008642011209000000,慈惠街区,东西湖区,1,1,1,0,743
4,B2094452D46AABFC449E,中铁联集,湖北省武汉市东西湖区惠安大道,114.07301513672,30.605294596354,263,0027,42,258 263,公司,8008642011209000000,慈惠街区,东西湖区,1,1,1,0,750
5,B2094655D56EA5FF439D,蔡家台公交站,,114.061,30.5927,38,0027,None,19 38,公交车站,8008642011209000000,慈惠街区,东西湖区,5,7,0,0,1186
6,B2094452D66CA5FA4693,武汉观象台,湖北省武汉市东西湖区惠农路,114.05658203125,30.594398328993,617,0027,42,44 617,政府机构,8008642011209000000,慈惠街区,东西湖区,1,3,3,0,1267
7,B2094757D564A4F4499D,金桂园农家乐,中国湖北省武汉市-东西湖区,114.0795459,30.59862712,207,0027,None,194 207,度假疗养场所,8008642011209000000,慈惠街区,东西湖区,16,16,7,0,1376
8,B2094453DA68A6F4409E,金桂园休闲农家乐,慈惠农场四季吉祥村毛家台68号,114.07908,30.5989,87,0027,None,64 69 87,特色／地方风味餐厅,,,,0,0,0,0,1324
9,B2094453DA6BA0F54593,福鑫庄园,惠农路51号,114.05426,30.593674,81,0027,None,64 69 81,湖北菜,,,,0,0,0,0,1485
10,B209445CD66BAAFF469C,杭州西湖,湖北省武汉市东西湖区惠安大道,114.08036051432,30.604464246962,627,0027,42,601 627,一般地点标志,,,,0,0,0,0,1403
11,B2094451D56CA4F54793,慈惠街蔡家一队,湖北省武汉市东西湖区鄂汉江左,114.059185,30.589441,627,0027,42,601 627,一般地点标志,8008642011209000000,慈惠街区,东西湖区,0,0,0,0,1588
12,B2094655D56EA6FB419B,江家台公交站,,114.08379,30.59971,38,0027,None,19 38,公交车站,8008642011209000000,慈惠街区,东西湖区,5,9,3,0,1742
13,B2094655D56EA5FE419E,丁家台公交站,,114.05549,30.58986,38,0027,None,19 38,公交车站,8008642011209000000,慈惠街区,东西湖区,0,0,0,0,1723
14,B2094453DA6AA0F84498,哈尔滨饺子馆,长江大学分院,114.05292,30.58999,82,0027,None,64 69 82,东北菜,,,,0,0,0,0,1866
15,B2094453DA6BA2FD449D,世外桃源,慈惠街,114.05134,30.589779,81,0027,None,64 69 81,湖北菜,,,,0,0,0,0,1986
16,B2094452D66FA5FB449E,湖北省武昌火车站,湖北省武汉市东西湖区台南二道,114.05847629123,30.61867594401,627,0027,42,601 627,一般地点标志,8008642011210000000,长青街区,东西湖区,4,4,2,0,1938
17,B2094451D66EA6FB4798,革新大道二十一支沟顺丰速运,湖北省武汉市东西湖区鄂汉江左,114.047827,30.609775,627,0027,42,601 627,一般地点标志,8008642011206000000,走马岭街区,东西湖区,4,4,2,0,1913
18,B209445CD66BAAFF479E,杭州,湖北省武汉市东西湖区惠安大道,114.08611192491,30.602187771267,627,0027,42,601 627,一般地点标志,,,,0,0,0,0,1937
19,B209475CD364A6F9419C,福沃德炸鸡(幸福路店),蔡甸区幸福路21附8号(近建新市场),114.04517,30.5969,68,0027,None,64 68,快餐厅,8008642011209000000,慈惠街区,东西湖区,0,0,0,0,2081
20,B2094453DA68A0FF429F,武汉德邦物流武汉总部,湖北省武汉市东西湖区台南二道,114.06455159505,30.62091389974,265,0027,42,258 265,知名企业,,,,2,2,2,0,2056
21,B2094453DA6FAAF44392,德邦物流武汉总部,湖北省武汉市东西湖区台南二道,114.06455159505,30.62091389974,265,0027,42,258 265,知名企业,,,,0,0,0,0,2056
22,B2094451D469A7FF489C,莫泰168酒店,湖北省武汉市江汉区,114.05494981554,30.619788140191,627,0027,42,601 627,一般地点标志,8008642011206000000,走马岭街区,东西湖区,0,0,0,0,2194
23,B2094655D56EA5FE459F,打网台公交站,,114.04428,30.59377,38,0027,None,19 38,公交车站,8008642011209000000,慈惠街区,东西湖区,0,0,0,0,2287
24,B2094452D26FA0FA439B,世外桃源,湖北省武汉市东西湖区,114.07332628038,30.621531575521,111,0027,42,64 111,休闲餐饮场所,8008642011210000000,长青街区,东西湖区,1,1,1,1,2237
25,B2094453DA6BA7FF4899,河南商丘饭店,东西湖大道,114.07441,30.621384,81,0027,None,64 69 81,湖北菜,,,,0,0,0,0,2257
26,B2094453DA6BA3F84392,姐妹农家菜馆,东西湖大道,114.07514,30.621162,81,0027,None,64 69 81,湖北菜,,,,0,0,0,0,2260
27,B2094453DA6BA3FA4093,思味美特色菜馆,东西湖大道,114.073494,30.621735,81,0027,None,64 69 81,湖北菜,,,,0,0,0,0,2264
28,B2094453DA6BA3FA419A,成都阳光酒店,幸福小学旁,114.076546,30.620924,81,0027,None,64 69 81,湖北菜,,,,0,0,0,0,2293
29,B2094453DA6AABFC429B,天宇餐厅,东西湖大道,114.07364,30.621683,81,0027,None,64 69 81,湖北菜,,,,0,0,0,0,2263
30,B2094750DB6FA7F84398,汉江花园,武汉市蔡甸区五层街20号,114.048225,30.589408,47,0027,None,44 47,住宅区,8008642011209000000,慈惠街区,东西湖区,1,1,0,0,2233
31,B2094451D565AAFB449C,武汉市世纪鸿基机械科技有限公司,武汉市东西湖区走马岭食品工业园,114.049864,30.616904,259,0027,42,258 259,工厂,8008642011206000000,走马岭街区,东西湖区,0,0,0,0,2222
32,B2094451D66BA0FF449A,湖北省武汉市武汉大学,湖北省武汉市东西湖区G4京港澳高速,114.05452039931,30.62028374566,627,0027,42,601 627,一般地点标志,8008642011206000000,走马岭街区,东西湖区,0,0,0,0,2262
33,B2094453DA6BA2FF439D,幸福土菜馆,东西湖大道5319号附近,114.077934,30.620668,87,0027,None,64 69 87,特色／地方风味餐厅,,,,0,0,0,0,2330
34,B2094452D165A6FD409A,武汉工程大学（流芳校区）,湖北省武汉市洪山区武汉工程大学,114.07378716363,30.622693684896,678,0027,42,51 678,学校大门,8008642011210000000,长青街区,东西湖区,1,1,1,0,2374
35,B2094655D56CA2FF439E,汉江大桥,,114.0532,30.58428,250,0027,None,194 250,公园户外,8008642011409000000,姚家山街区,蔡甸区,0,0,0,0,2363
36,B2094452DA6BA5F9409D,新汉正西,湖北省武汉市东西湖区东西湖大道,114.06659044054,30.623807508681,627,0027,42,601 627,一般地点标志,,,,1,1,0,0,2375
37,B2094753D66DAAFF4899,锦峰建材,东西湖区 二十一路 金诚国际市场城A4区10号,114.070616,30.623806,642,0027,None,258 642,家居装饰类公司,8008642011210000000,长青街区,东西湖区,0,0,0,0,2417
