1,B2094453DA6AABFD4099,老乡油炸点 爱情麻辣烫,三弓路大洲一队,114.63316,30.60592,86,0027,None,64 69 86,火锅店,,,,0,0,0,0,427
2,B2094452D56BA4F94799,阳逻,湖北省武汉市新洲区中路,114.63353597005,30.59517062717,627,0027,42,601 627,一般地点标志,8008642011712000000,双柳街区,新洲区,1,1,0,0,828
3,B2094453DB68A7FC4393,帝元山庄,湖北省武汉市新洲区阳枫公路,114.64676106771,30.604677463108,250,0027,42,194 250,公园户外,,,,1,1,1,0,1142
4,B2094452D464A3FB4598,武汉帝元乡村度假村,湖北省武汉市新洲区阳枫公路,114.64814425998,30.602816297743,208,0027,42,194 208,休闲场所,8008642011701000000,涨渡湖街区,新洲区,0,0,0,0,1248
5,B2094451DA6DA0FA459C,武汉体育学院,湖北省武汉市洪山区,114.62032986111,30.599492458767,52,0027,42,51 52,高等院校,8008642011712000000,双柳街区,新洲区,0,0,0,0,1456
6,B2094753D06CA1FD4499,鑫鑫平价超市,赫中路附近,114.65039,30.597909,117,0027,None,115 117,便民商店/便利店,8008642011701000000,涨渡湖街区,新洲区,0,0,0,0,1549
7,B2094453DA69ABFF449C,七湖农庄,龙王嘴农场七湖二队,114.65249,30.602743,87,0027,None,64 69 87,特色／地方风味餐厅,,,,0,0,0,0,1665
8,B2094452D06DA3F94999,帝元乡村俱乐部,湖北省武汉市新洲区112省道,114.65225667318,30.602293565538,248,0027,42,169 248,生活娱乐,8008642011701000000,涨渡湖街区,新洲区,3,4,4,0,1642
9,B2094451D46BAAFD439E,中建三局福地星城,湖北省武汉市洪山区,114.61797336155,30.600155164931,627,0027,42,601 627,一般地点标志,8008642011712000000,双柳街区,新洲区,0,0,0,0,1663
10,B2094451DB6EA4FA429A,洪山广场,湖北省武汉市洪山区洪山广场,114.6375116645,30.586192220052,195,0027,42,194 195,游乐场,8008642011712000000,双柳街区,新洲区,0,0,0,0,1828
11,B2094452D66FABF4489A,双柳街道,湖北省武汉市新洲区府前路,114.65135172526,30.593965928819,627,0027,42,601 627,一般地点标志,8008642011712000000,双柳街区,新洲区,1,1,0,0,1821
12,B2094453DA6AA6F4429D,福兴大酒店,双柳街道学林路,114.652374,30.593378,81,0027,None,64 69 81,湖北菜,,,,0,0,0,0,1939
13,B2094453DA6AA6F44293,新叶酒店,学林路30号,114.65196,30.592604,81,0027,None,64 69 81,湖北菜,,,,0,0,0,0,1953
14,B2094453DA6BA7F8419A,聚缘轩酒店,学林路149号,114.65057,30.589216,81,0027,None,64 69 81,湖北菜,,,,0,0,0,0,2091
15,B2094452D16CA6FB469C,双柳派出所,湖北省武汉市新洲区学林路,114.648825,30.586048,609,0027,42,44 609,警察局,8008642011712000000,双柳街区,新洲区,0,0,0,0,2252
16,B2094451DB6EA4F84999,天紫广场,湖北省武汉市武昌区中南路,114.64787136502,30.584515516493,638,0027,42,258 638,金融服务类公司,8008642011712000000,双柳街区,新洲区,0,0,0,0,2344
