1,B2094451DA6EAAFE459A,地狱之门,湖北省武汉市新洲区112省道,114.66501708984,30.591925726997,627,0027,42,601 627,一般地点标志,8008642011712000000,双柳街区,新洲区,0,0,0,0,1175
2,B2094453DA69ABFF449C,七湖农庄,龙王嘴农场七湖二队,114.65249,30.602743,87,0027,None,64 69 87,特色／地方风味餐厅,,,,0,0,0,0,1232
3,B2094452D06DA3F94999,帝元乡村俱乐部,湖北省武汉市新洲区112省道,114.65225667318,30.602293565538,248,0027,42,169 248,生活娱乐,8008642011701000000,涨渡湖街区,新洲区,3,4,4,0,1254
4,B2094655D468AAF5429B,龙王咀中心学校,,114.67502,30.59368,55,0027,None,51 55,中学,8008642011701000000,涨渡湖街区,新洲区,14,15,5,0,1349
5,B209445CD668A3F44799,武汉市阳逻经济开发区武船双柳装备基地,湖北省武汉市新洲区112省道,114.66471652561,30.59062093099,265,0027,42,258 265,知名企业,,,,1,1,0,0,1321
6,B2094451DA6AA4FC469A,武汉新洲双柳,湖北省武汉市新洲区112省道,114.66704210069,30.589254828559,195,0027,42,194 195,游乐场,8008642011712000000,双柳街区,新洲区,0,0,0,0,1481
7,B2094451D56FAAF8449E,芳卉园,湖北省武汉市汉阳区鹦鹉大道,114.67022379557,30.589034830729,65,0027,42,64 65,咖啡厅,8008642011712000000,双柳街区,新洲区,0,0,0,0,1568
8,B2094753D06CA1FD4499,鑫鑫平价超市,赫中路附近,114.65039,30.597909,117,0027,None,115 117,便民商店/便利店,8008642011701000000,涨渡湖街区,新洲区,0,0,0,0,1520
9,B2094453DA6AA6F4429D,福兴大酒店,双柳街道学林路,114.652374,30.593378,81,0027,None,64 69 81,湖北菜,,,,0,0,0,0,1603
10,B2094453DA6AA6F44293,新叶酒店,学林路30号,114.65196,30.592604,81,0027,None,64 69 81,湖北菜,,,,0,0,0,0,1689
11,B2094452D464A3FB4598,武汉帝元乡村度假村,湖北省武汉市新洲区阳枫公路,114.64814425998,30.602816297743,208,0027,42,194 208,休闲场所,8008642011701000000,涨渡湖街区,新洲区,0,0,0,0,1648
12,B2094452D66FABF4489A,双柳街道,湖北省武汉市新洲区府前路,114.65135172526,30.593965928819,627,0027,42,601 627,一般地点标志,8008642011712000000,双柳街区,新洲区,1,1,0,0,1642
13,B2094453DB68A7FC4393,帝元山庄,湖北省武汉市新洲区阳枫公路,114.64676106771,30.604677463108,250,0027,42,194 250,公园户外,,,,1,1,1,0,1797
14,B2094451D66FA7F5419D,双柳武船,湖北省武汉市新洲区112省道,114.67020236545,30.586561686198,259,0027,42,258 259,工厂,8008642011712000000,双柳街区,新洲区,3,3,1,0,1832
15,B2094655D468AAF5429E,武汉市新洲区双柳街中心小学,,114.65827,30.58472,56,0027,None,51 56,小学,8008642011712000000,双柳街区,新洲区,341,400,48,0,2090
16,B2094655D468AAF54299,超大现代农业武汉基地,,114.68372,30.59535,45,0027,None,44 45,产业园区,8008642011701000000,涨渡湖街区,新洲区,29,33,15,0,1932
17,B2094451D56FA5FB4392,建港公交站,湖北省武汉市汉阳区鹦鹉大道,114.67363145616,30.586674262153,676,0027,42,115 676,售货机,8008642011712000000,双柳街区,新洲区,0,0,0,0,1931
18,B2094453DA6BA7F8419A,聚缘轩酒店,学林路149号,114.65057,30.589216,81,0027,None,64 69 81,湖北菜,,,,0,0,0,0,2045
19,B2094451DB6BA4F4459D,武汉新港古龙产业园古龙村,湖北省武汉市新洲区学林路,114.656926,30.585171,627,0027,42,601 627,一般地点标志,8008642011712000000,双柳街区,新洲区,1,1,1,0,2089
20,B2094451DB6BA4F44598,武汉市新洲区双柳街古龙村,武汉新港古龙产业园古龙村,114.65705430773,30.585207519531,627,0027,42,601 627,一般地点标志,8008642011712000000,双柳街区,新洲区,0,0,0,0,2080
21,B2094452D469AAFB4292,武汉双柳武船重工股份有限公司,湖北省武汉市新洲区112省道,114.68371120877,30.591191134983,259,0027,42,258 259,工厂,8008642011712000000,双柳街区,新洲区,5,6,1,0,2163
22,B2094452D16CA6FB469C,双柳派出所,湖北省武汉市新洲区学林路,114.648825,30.586048,609,0027,42,44 609,警察局,8008642011712000000,双柳街区,新洲区,0,0,0,0,2419
